instance_1	1.0	0.0	0.0	0.0	0.0
instance_2	1.0	0.0	0.0	0.0	0.0
instance_3	1.0	0.0	0.0	0.0	0.0
instance_4	1.0	0.0	0.0	0.0	0.0
instance_5	1.0	0.0	0.0	0.0	0.0
instance_6	1.0	0.0	0.0	0.0	0.0
instance_7	1.0	0.0	0.0	0.0	0.0
instance_8	1.0	0.0	0.0	0.0	0.0
instance_9	1.0	0.0	0.0	0.0	0.0
instance_10	1.0	0.0	0.0	0.0	0.0
instance_11	1.0	0.0	0.0	0.0	0.0
instance_12	1.0	0.0	0.0	0.0	0.0
instance_13	1.0	0.0	0.0	0.0	0.0
instance_14	1.0	0.0	0.0	0.0	0.0
instance_15	1.0	0.0	0.0	0.0	0.0
instance_16	1.0	0.0	0.0	0.0	0.0
instance_17	1.0	0.0	0.0	0.0	0.0
instance_18	1.0	0.0	0.0	0.0	0.0
instance_19	1.0	0.0	0.0	0.0	0.0
instance_20	1.0	0.0	0.0	0.0	0.0
instance_21	1.0	0.0	0.0	0.0	0.0
instance_22	1.0	0.0	0.0	0.0	0.0
instance_23	1.0	0.0	0.0	0.0	0.0
instance_24	1.0	0.0	0.0	0.0	0.0
instance_25	1.0	0.0	0.0	0.0	0.0
instance_26	1.0	0.0	0.0	0.0	0.0
instance_27	1.0	0.0	0.0	0.0	0.0
instance_28	1.0	0.0	0.0	0.0	0.0
instance_29	1.0	0.0	0.0	0.0	0.0
instance_30	1.0	0.0	0.0	0.0	0.0
instance_31	1.0	0.0	0.0	0.0	0.0
instance_32	1.0	0.0	0.0	0.0	0.0
instance_33	1.0	0.0	0.0	0.0	0.0
instance_34	1.0	0.0	0.0	0.0	0.0
instance_35	1.0	0.0	0.0	0.0	0.0
instance_36	1.0	0.0	0.0	0.0	0.0
instance_37	1.0	0.0	0.0	0.0	0.0
instance_38	1.0	0.0	0.0	0.0	0.0
instance_39	1.0	0.0	0.0	0.0	0.0
instance_40	1.0	0.0	0.0	0.0	0.0
instance_41	1.0	0.0	0.0	0.0	0.0
instance_42	1.0	0.0	0.0	0.0	0.0
instance_43	1.0	0.0	0.0	0.0	0.0
instance_44	1.0	0.0	0.0	0.0	0.0
instance_45	1.0	0.0	0.0	0.0	0.0
instance_46	1.0	0.0	0.0	0.0	0.0
instance_47	1.0	0.0	0.0	0.0	0.0
instance_48	1.0	0.0	0.0	0.0	0.0
instance_49	1.0	0.0	0.0	0.0	0.0
instance_50	1.0	0.0	0.0	0.0	0.0
instance_51	1.0	0.0	0.0	0.0	0.0
instance_52	1.0	0.0	0.0	0.0	0.0
instance_53	1.0	0.0	0.0	0.0	0.0
instance_54	1.0	0.0	0.0	0.0	0.0
instance_55	1.0	0.0	0.0	0.0	0.0
instance_56	1.0	0.0	0.0	0.0	0.0
instance_57	1.0	0.0	0.0	0.0	0.0
instance_58	1.0	0.0	0.0	0.0	0.0
instance_59	1.0	0.0	0.0	0.0	0.0
instance_60	1.0	0.0	0.0	0.0	0.0
instance_61	1.0	0.0	0.0	0.0	0.0
instance_62	1.0	0.0	0.0	0.0	0.0
instance_63	1.0	0.0	0.0	0.0	0.0
instance_64	1.0	0.0	0.0	0.0	0.0
instance_65	1.0	0.0	0.0	0.0	0.0
instance_66	1.0	0.0	0.0	0.0	0.0
instance_67	1.0	0.0	0.0	0.0	0.0
instance_68	1.0	0.0	0.0	0.0	0.0
instance_69	1.0	0.0	0.0	0.0	0.0
instance_70	1.0	0.0	0.0	0.0	0.0
instance_71	1.0	0.0	0.0	0.0	0.0
instance_72	1.0	0.0	0.0	0.0	0.0
instance_73	1.0	0.0	0.0	0.0	0.0
instance_74	1.0	0.0	0.0	0.0	0.0
instance_75	1.0	0.0	0.0	0.0	0.0
instance_76	1.0	0.0	0.0	0.0	0.0
instance_77	1.0	0.0	0.0	0.0	0.0
instance_78	1.0	0.0	0.0	0.0	0.0
instance_79	1.0	0.0	0.0	0.0	0.0
instance_80	1.0	0.0	0.0	0.0	0.0
instance_81	1.0	0.0	0.0	0.0	0.0
instance_82	1.0	0.0	0.0	0.0	0.0
instance_83	1.0	0.0	0.0	0.0	0.0
instance_84	1.0	0.0	0.0	0.0	0.0
instance_85	1.0	0.0	0.0	0.0	0.0
instance_86	1.0	0.0	0.0	0.0	0.0
instance_87	1.0	0.0	0.0	0.0	0.0
instance_88	1.0	0.0	0.0	0.0	0.0
instance_89	1.0	0.0	0.0	0.0	0.0
instance_90	1.0	0.0	0.0	0.0	0.0
instance_91	1.0	0.0	0.0	0.0	0.0
instance_92	1.0	0.0	0.0	0.0	0.0
instance_93	1.0	0.0	0.0	0.0	0.0
instance_94	1.0	0.0	0.0	0.0	0.0
instance_95	1.0	0.0	0.0	0.0	0.0
instance_96	1.0	0.0	0.0	0.0	0.0
instance_97	1.0	0.0	0.0	0.0	0.0
instance_98	1.0	0.0	0.0	0.0	0.0
instance_99	1.0	0.0	0.0	0.0	0.0
instance_100	1.0	0.0	0.0	0.0	0.0
instance_101	1.0	0.0	0.0	0.0	0.0
instance_102	1.0	0.0	0.0	0.0	0.0
instance_103	1.0	0.0	0.0	0.0	0.0
instance_104	1.0	0.0	0.0	0.0	0.0
instance_105	1.0	0.0	0.0	0.0	0.0
instance_106	1.0	0.0	0.0	0.0	0.0
instance_107	1.0	0.0	0.0	0.0	0.0
instance_108	1.0	0.0	0.0	0.0	0.0
instance_109	1.0	0.0	0.0	0.0	0.0
instance_110	1.0	0.0	0.0	0.0	0.0
instance_111	1.0	0.0	0.0	0.0	0.0
instance_112	1.0	0.0	0.0	0.0	0.0
instance_113	1.0	0.0	0.0	0.0	0.0
instance_114	1.0	0.0	0.0	0.0	0.0
instance_115	1.0	0.0	0.0	0.0	0.0
instance_116	1.0	0.0	0.0	0.0	0.0
instance_117	1.0	0.0	0.0	0.0	0.0
instance_118	1.0	0.0	0.0	0.0	0.0
instance_119	1.0	0.0	0.0	0.0	0.0
instance_120	1.0	0.0	0.0	0.0	0.0
instance_121	1.0	0.0	0.0	0.0	0.0
instance_122	1.0	0.0	0.0	0.0	0.0
instance_123	1.0	0.0	0.0	0.0	0.0
instance_124	1.0	0.0	0.0	0.0	0.0
instance_125	1.0	0.0	0.0	0.0	0.0
instance_126	1.0	0.0	0.0	0.0	0.0
instance_127	1.0	0.0	0.0	0.0	0.0
instance_128	1.0	0.0	0.0	0.0	0.0
instance_129	1.0	0.0	0.0	0.0	0.0
instance_130	1.0	0.0	0.0	0.0	0.0
instance_131	1.0	0.0	0.0	0.0	0.0
instance_132	1.0	0.0	0.0	0.0	0.0
instance_133	1.0	0.0	0.0	0.0	0.0
instance_134	1.0	0.0	0.0	0.0	0.0
instance_135	1.0	0.0	0.0	0.0	0.0
instance_136	1.0	0.0	0.0	0.0	0.0
instance_137	1.0	0.0	0.0	0.0	0.0
instance_138	1.0	0.0	0.0	0.0	0.0
instance_139	1.0	0.0	0.0	0.0	0.0
instance_140	1.0	0.0	0.0	0.0	0.0
instance_141	1.0	0.0	0.0	0.0	0.0
instance_142	1.0	0.0	0.0	0.0	0.0
instance_143	1.0	0.0	0.0	0.0	0.0
instance_144	1.0	0.0	0.0	0.0	0.0
instance_145	1.0	0.0	0.0	0.0	0.0
instance_146	1.0	0.0	0.0	0.0	0.0
instance_147	1.0	0.0	0.0	0.0	0.0
instance_148	1.0	0.0	0.0	0.0	0.0
instance_149	1.0	0.0	0.0	0.0	0.0
instance_150	1.0	0.0	0.0	0.0	0.0
instance_151	1.0	0.0	0.0	0.0	0.0
instance_152	1.0	0.0	0.0	0.0	0.0
instance_153	1.0	0.0	0.0	0.0	0.0
instance_154	1.0	0.0	0.0	0.0	0.0
instance_155	1.0	0.0	0.0	0.0	0.0
instance_156	1.0	0.0	0.0	0.0	0.0
instance_157	1.0	0.0	0.0	0.0	0.0
instance_158	1.0	0.0	0.0	0.0	0.0
instance_159	1.0	0.0	0.0	0.0	0.0
instance_160	1.0	0.0	0.0	0.0	0.0
instance_161	1.0	0.0	0.0	0.0	0.0
instance_162	1.0	0.0	0.0	0.0	0.0
instance_163	1.0	0.0	0.0	0.0	0.0
instance_164	1.0	0.0	0.0	0.0	0.0
instance_165	1.0	0.0	0.0	0.0	0.0
instance_166	1.0	0.0	0.0	0.0	0.0
instance_167	1.0	0.0	0.0	0.0	0.0
instance_168	1.0	0.0	0.0	0.0	0.0
instance_169	1.0	0.0	0.0	0.0	0.0
instance_170	1.0	0.0	0.0	0.0	0.0
instance_171	1.0	0.0	0.0	0.0	0.0
instance_172	1.0	0.0	0.0	0.0	0.0
instance_173	1.0	0.0	0.0	0.0	0.0
instance_174	1.0	0.0	0.0	0.0	0.0
instance_175	1.0	0.0	0.0	0.0	0.0
instance_176	1.0	0.0	0.0	0.0	0.0
instance_177	1.0	0.0	0.0	0.0	0.0
instance_178	1.0	0.0	0.0	0.0	0.0
instance_179	1.0	0.0	0.0	0.0	0.0
instance_180	1.0	0.0	0.0	0.0	0.0
instance_181	1.0	0.0	0.0	0.0	0.0
instance_182	1.0	0.0	0.0	0.0	0.0
instance_183	1.0	0.0	0.0	0.0	0.0
instance_184	1.0	0.0	0.0	0.0	0.0
instance_185	1.0	0.0	0.0	0.0	0.0
instance_186	1.0	0.0	0.0	0.0	0.0
instance_187	1.0	0.0	0.0	0.0	0.0
instance_188	1.0	0.0	0.0	0.0	0.0
instance_189	1.0	0.0	0.0	0.0	0.0
instance_190	1.0	0.0	0.0	0.0	0.0
instance_191	1.0	0.0	0.0	0.0	0.0
instance_192	1.0	0.0	0.0	0.0	0.0
instance_193	1.0	0.0	0.0	0.0	0.0
instance_194	1.0	0.0	0.0	0.0	0.0
instance_195	1.0	0.0	0.0	0.0	0.0
instance_196	1.0	0.0	0.0	0.0	0.0
instance_197	1.0	0.0	0.0	0.0	0.0
instance_198	1.0	0.0	0.0	0.0	0.0
instance_199	1.0	0.0	0.0	0.0	0.0
instance_200	1.0	0.0	0.0	0.0	0.0
instance_201	1.0	0.0	0.0	0.0	0.0
instance_202	1.0	0.0	0.0	0.0	0.0
instance_203	1.0	0.0	0.0	0.0	0.0
instance_204	1.0	0.0	0.0	0.0	0.0
instance_205	1.0	0.0	0.0	0.0	0.0
instance_206	1.0	0.0	0.0	0.0	0.0
instance_207	1.0	0.0	0.0	0.0	0.0
instance_208	1.0	0.0	0.0	0.0	0.0
instance_209	1.0	0.0	0.0	0.0	0.0
instance_210	1.0	0.0	0.0	0.0	0.0
instance_211	1.0	0.0	0.0	0.0	0.0
instance_212	1.0	0.0	0.0	0.0	0.0
instance_213	1.0	0.0	0.0	0.0	0.0
instance_214	1.0	0.0	0.0	0.0	0.0
instance_215	1.0	0.0	0.0	0.0	0.0
instance_216	1.0	0.0	0.0	0.0	0.0
instance_217	1.0	0.0	0.0	0.0	0.0
instance_218	1.0	0.0	0.0	0.0	0.0
instance_219	1.0	0.0	0.0	0.0	0.0
instance_220	1.0	0.0	0.0	0.0	0.0
instance_221	1.0	0.0	0.0	0.0	0.0
instance_222	1.0	0.0	0.0	0.0	0.0
instance_223	1.0	0.0	0.0	0.0	0.0
instance_224	1.0	0.0	0.0	0.0	0.0
instance_225	1.0	0.0	0.0	0.0	0.0
instance_226	1.0	0.0	0.0	0.0	0.0
instance_227	1.0	0.0	0.0	0.0	0.0
instance_228	1.0	0.0	0.0	0.0	0.0
instance_229	1.0	0.0	0.0	0.0	0.0
instance_230	1.0	0.0	0.0	0.0	0.0
instance_231	1.0	0.0	0.0	0.0	0.0
instance_232	1.0	0.0	0.0	0.0	0.0
instance_233	1.0	0.0	0.0	0.0	0.0
instance_234	1.0	0.0	0.0	0.0	0.0
instance_235	1.0	0.0	0.0	0.0	0.0
instance_236	1.0	0.0	0.0	0.0	0.0
instance_237	1.0	0.0	0.0	0.0	0.0
instance_238	1.0	0.0	0.0	0.0	0.0
instance_239	1.0	0.0	0.0	0.0	0.0
instance_240	1.0	0.0	0.0	0.0	0.0
instance_241	1.0	0.0	0.0	0.0	0.0
instance_242	1.0	0.0	0.0	0.0	0.0
instance_243	1.0	0.0	0.0	0.0	0.0
instance_244	1.0	0.0	0.0	0.0	0.0
instance_245	1.0	0.0	0.0	0.0	0.0
instance_246	1.0	0.0	0.0	0.0	0.0
instance_247	1.0	0.0	0.0	0.0	0.0
instance_248	1.0	0.0	0.0	0.0	0.0
instance_249	1.0	0.0	0.0	0.0	0.0
instance_250	1.0	0.0	0.0	0.0	0.0
instance_251	1.0	0.0	0.0	0.0	0.0
instance_252	1.0	0.0	0.0	0.0	0.0
instance_253	1.0	0.0	0.0	0.0	0.0
instance_254	1.0	0.0	0.0	0.0	0.0
instance_255	1.0	0.0	0.0	0.0	0.0
instance_256	1.0	0.0	0.0	0.0	0.0
instance_257	1.0	0.0	0.0	0.0	0.0
instance_258	1.0	0.0	0.0	0.0	0.0
instance_259	1.0	0.0	0.0	0.0	0.0
instance_260	1.0	0.0	0.0	0.0	0.0
instance_261	1.0	0.0	0.0	0.0	0.0
instance_262	1.0	0.0	0.0	0.0	0.0
instance_263	1.0	0.0	0.0	0.0	0.0
instance_264	1.0	0.0	0.0	0.0	0.0
instance_265	1.0	0.0	0.0	0.0	0.0
instance_266	1.0	0.0	0.0	0.0	0.0
instance_267	1.0	0.0	0.0	0.0	0.0
instance_268	1.0	0.0	0.0	0.0	0.0
instance_269	1.0	0.0	0.0	0.0	0.0
instance_270	1.0	0.0	0.0	0.0	0.0
instance_271	1.0	0.0	0.0	0.0	0.0
instance_272	1.0	0.0	0.0	0.0	0.0
instance_273	1.0	0.0	0.0	0.0	0.0
instance_274	1.0	0.0	0.0	0.0	0.0
instance_275	1.0	0.0	0.0	0.0	0.0
instance_276	1.0	0.0	0.0	0.0	0.0
instance_277	1.0	0.0	0.0	0.0	0.0
instance_278	1.0	0.0	0.0	0.0	0.0
instance_279	1.0	0.0	0.0	0.0	0.0
instance_280	1.0	0.0	0.0	0.0	0.0
instance_281	1.0	0.0	0.0	0.0	0.0
instance_282	1.0	0.0	0.0	0.0	0.0
instance_283	1.0	0.0	0.0	0.0	0.0
instance_284	1.0	0.0	0.0	0.0	0.0
instance_285	1.0	0.0	0.0	0.0	0.0
instance_286	1.0	0.0	0.0	0.0	0.0
instance_287	1.0	0.0	0.0	0.0	0.0
instance_288	1.0	0.0	0.0	0.0	0.0
instance_289	1.0	0.0	0.0	0.0	0.0
instance_290	1.0	0.0	0.0	0.0	0.0
instance_291	1.0	0.0	0.0	0.0	0.0
instance_292	1.0	0.0	0.0	0.0	0.0
instance_293	1.0	0.0	0.0	0.0	0.0
instance_294	1.0	0.0	0.0	0.0	0.0
instance_295	1.0	0.0	0.0	0.0	0.0
instance_296	1.0	0.0	0.0	0.0	0.0
instance_297	1.0	0.0	0.0	0.0	0.0
instance_298	1.0	0.0	0.0	0.0	0.0
instance_299	1.0	0.0	0.0	0.0	0.0
instance_300	1.0	0.0	0.0	0.0	0.0
instance_301	1.0	0.0	0.0	0.0	0.0
instance_302	1.0	0.0	0.0	0.0	0.0
instance_303	1.0	0.0	0.0	0.0	0.0
instance_304	1.0	0.0	0.0	0.0	0.0
instance_305	1.0	0.0	0.0	0.0	0.0
instance_306	1.0	0.0	0.0	0.0	0.0
instance_307	1.0	0.0	0.0	0.0	0.0
instance_308	1.0	0.0	0.0	0.0	0.0
instance_309	1.0	0.0	0.0	0.0	0.0
instance_310	1.0	0.0	0.0	0.0	0.0
instance_311	1.0	0.0	0.0	0.0	0.0
instance_312	1.0	0.0	0.0	0.0	0.0
instance_313	1.0	0.0	0.0	0.0	0.0
instance_314	1.0	0.0	0.0	0.0	0.0
instance_315	1.0	0.0	0.0	0.0	0.0
instance_316	1.0	0.0	0.0	0.0	0.0
instance_317	1.0	0.0	0.0	0.0	0.0
instance_318	1.0	0.0	0.0	0.0	0.0
instance_319	1.0	0.0	0.0	0.0	0.0
instance_320	1.0	0.0	0.0	0.0	0.0
instance_321	1.0	0.0	0.0	0.0	0.0
instance_322	1.0	0.0	0.0	0.0	0.0
instance_323	1.0	0.0	0.0	0.0	0.0
instance_324	1.0	0.0	0.0	0.0	0.0
instance_325	1.0	0.0	0.0	0.0	0.0
instance_326	1.0	0.0	0.0	0.0	0.0
instance_327	1.0	0.0	0.0	0.0	0.0
instance_328	1.0	0.0	0.0	0.0	0.0
instance_329	1.0	0.0	0.0	0.0	0.0
instance_330	1.0	0.0	0.0	0.0	0.0
instance_331	1.0	0.0	0.0	0.0	0.0
instance_332	1.0	0.0	0.0	0.0	0.0
instance_333	1.0	0.0	0.0	0.0	0.0
instance_334	1.0	0.0	0.0	0.0	0.0
instance_335	1.0	0.0	0.0	0.0	0.0
instance_336	1.0	0.0	0.0	0.0	0.0
instance_337	1.0	0.0	0.0	0.0	0.0
instance_338	1.0	0.0	0.0	0.0	0.0
instance_339	1.0	0.0	0.0	0.0	0.0
instance_340	1.0	0.0	0.0	0.0	0.0
instance_341	1.0	0.0	0.0	0.0	0.0
instance_342	1.0	0.0	0.0	0.0	0.0
instance_343	1.0	0.0	0.0	0.0	0.0
instance_344	1.0	0.0	0.0	0.0	0.0
instance_345	1.0	0.0	0.0	0.0	0.0
instance_346	1.0	0.0	0.0	0.0	0.0
instance_347	1.0	0.0	0.0	0.0	0.0
instance_348	1.0	0.0	0.0	0.0	0.0
instance_349	1.0	0.0	0.0	0.0	0.0
instance_350	1.0	0.0	0.0	0.0	0.0
instance_351	1.0	0.0	0.0	0.0	0.0
instance_352	1.0	0.0	0.0	0.0	0.0
instance_353	1.0	0.0	0.0	0.0	0.0
instance_354	1.0	0.0	0.0	0.0	0.0
instance_355	1.0	0.0	0.0	0.0	0.0
instance_356	1.0	0.0	0.0	0.0	0.0
instance_357	1.0	0.0	0.0	0.0	0.0
instance_358	1.0	0.0	0.0	0.0	0.0
instance_359	1.0	0.0	0.0	0.0	0.0
instance_360	1.0	0.0	0.0	0.0	0.0
instance_361	1.0	0.0	0.0	0.0	0.0
instance_362	1.0	0.0	0.0	0.0	0.0
instance_363	1.0	0.0	0.0	0.0	0.0
instance_364	1.0	0.0	0.0	0.0	0.0
instance_365	1.0	0.0	0.0	0.0	0.0
instance_366	1.0	0.0	0.0	0.0	0.0
instance_367	1.0	0.0	0.0	0.0	0.0
instance_368	1.0	0.0	0.0	0.0	0.0
instance_369	1.0	0.0	0.0	0.0	0.0
instance_370	1.0	0.0	0.0	0.0	0.0
instance_371	1.0	0.0	0.0	0.0	0.0
instance_372	1.0	0.0	0.0	0.0	0.0
instance_373	1.0	0.0	0.0	0.0	0.0
instance_374	1.0	0.0	0.0	0.0	0.0
instance_375	1.0	0.0	0.0	0.0	0.0
instance_376	1.0	0.0	0.0	0.0	0.0
instance_377	1.0	0.0	0.0	0.0	0.0
instance_378	1.0	0.0	0.0	0.0	0.0
instance_379	1.0	0.0	0.0	0.0	0.0
instance_380	1.0	0.0	0.0	0.0	0.0
instance_381	1.0	0.0	0.0	0.0	0.0
instance_382	1.0	0.0	0.0	0.0	0.0
instance_383	1.0	0.0	0.0	0.0	0.0
instance_384	1.0	0.0	0.0	0.0	0.0
instance_385	1.0	0.0	0.0	0.0	0.0
instance_386	1.0	0.0	0.0	0.0	0.0
instance_387	1.0	0.0	0.0	0.0	0.0
instance_388	1.0	0.0	0.0	0.0	0.0
instance_389	1.0	0.0	0.0	0.0	0.0
instance_390	1.0	0.0	0.0	0.0	0.0
instance_391	1.0	0.0	0.0	0.0	0.0
instance_392	1.0	0.0	0.0	0.0	0.0
instance_393	1.0	0.0	0.0	0.0	0.0
instance_394	1.0	0.0	0.0	0.0	0.0
instance_395	1.0	0.0	0.0	0.0	0.0
instance_396	1.0	0.0	0.0	0.0	0.0
instance_397	1.0	0.0	0.0	0.0	0.0
instance_398	1.0	0.0	0.0	0.0	0.0
instance_399	1.0	0.0	0.0	0.0	0.0
instance_400	1.0	0.0	0.0	0.0	0.0
instance_401	1.0	0.0	0.0	0.0	0.0
instance_402	1.0	0.0	0.0	0.0	0.0
instance_403	1.0	0.0	0.0	0.0	0.0
instance_404	1.0	0.0	0.0	0.0	0.0
instance_405	1.0	0.0	0.0	0.0	0.0
instance_406	1.0	0.0	0.0	0.0	0.0
instance_407	1.0	0.0	0.0	0.0	0.0
instance_408	1.0	0.0	0.0	0.0	0.0
instance_409	1.0	0.0	0.0	0.0	0.0
instance_410	1.0	0.0	0.0	0.0	0.0
instance_411	1.0	0.0	0.0	0.0	0.0
instance_412	1.0	0.0	0.0	0.0	0.0
instance_413	1.0	0.0	0.0	0.0	0.0
instance_414	1.0	0.0	0.0	0.0	0.0
instance_415	1.0	0.0	0.0	0.0	0.0
instance_416	1.0	0.0	0.0	0.0	0.0
instance_417	1.0	0.0	0.0	0.0	0.0
instance_418	1.0	0.0	0.0	0.0	0.0
instance_419	1.0	0.0	0.0	0.0	0.0
instance_420	1.0	0.0	0.0	0.0	0.0
instance_421	1.0	0.0	0.0	0.0	0.0
instance_422	1.0	0.0	0.0	0.0	0.0
instance_423	1.0	0.0	0.0	0.0	0.0
instance_424	1.0	0.0	0.0	0.0	0.0
instance_425	1.0	0.0	0.0	0.0	0.0
instance_426	1.0	0.0	0.0	0.0	0.0
instance_427	1.0	0.0	0.0	0.0	0.0
instance_428	1.0	0.0	0.0	0.0	0.0
instance_429	1.0	0.0	0.0	0.0	0.0
instance_430	1.0	0.0	0.0	0.0	0.0
instance_431	1.0	0.0	0.0	0.0	0.0
instance_432	1.0	0.0	0.0	0.0	0.0
instance_433	1.0	0.0	0.0	0.0	0.0
instance_434	1.0	0.0	0.0	0.0	0.0
instance_435	1.0	0.0	0.0	0.0	0.0
instance_436	1.0	0.0	0.0	0.0	0.0
instance_437	1.0	0.0	0.0	0.0	0.0
instance_438	1.0	0.0	0.0	0.0	0.0
instance_439	1.0	0.0	0.0	0.0	0.0
instance_440	1.0	0.0	0.0	0.0	0.0
instance_441	1.0	0.0	0.0	0.0	0.0
instance_442	1.0	0.0	0.0	0.0	0.0
instance_443	1.0	0.0	0.0	0.0	0.0
instance_444	1.0	0.0	0.0	0.0	0.0
instance_445	1.0	0.0	0.0	0.0	0.0
instance_446	1.0	0.0	0.0	0.0	0.0
instance_447	1.0	0.0	0.0	0.0	0.0
instance_448	1.0	0.0	0.0	0.0	0.0
instance_449	1.0	0.0	0.0	0.0	0.0
instance_450	1.0	0.0	0.0	0.0	0.0
instance_451	1.0	0.0	0.0	0.0	0.0
instance_452	1.0	0.0	0.0	0.0	0.0
instance_453	1.0	0.0	0.0	0.0	0.0
instance_454	1.0	0.0	0.0	0.0	0.0
instance_455	1.0	0.0	0.0	0.0	0.0
instance_456	1.0	0.0	0.0	0.0	0.0
instance_457	1.0	0.0	0.0	0.0	0.0
instance_458	1.0	0.0	0.0	0.0	0.0
instance_459	1.0	0.0	0.0	0.0	0.0
instance_460	1.0	0.0	0.0	0.0	0.0
instance_461	1.0	0.0	0.0	0.0	0.0
instance_462	1.0	0.0	0.0	0.0	0.0
instance_463	1.0	0.0	0.0	0.0	0.0
instance_464	1.0	0.0	0.0	0.0	0.0
instance_465	1.0	0.0	0.0	0.0	0.0
instance_466	1.0	0.0	0.0	0.0	0.0
instance_467	1.0	0.0	0.0	0.0	0.0
instance_468	1.0	0.0	0.0	0.0	0.0
instance_469	1.0	0.0	0.0	0.0	0.0
instance_470	1.0	0.0	0.0	0.0	0.0
instance_471	1.0	0.0	0.0	0.0	0.0
instance_472	1.0	0.0	0.0	0.0	0.0
instance_473	1.0	0.0	0.0	0.0	0.0
instance_474	1.0	0.0	0.0	0.0	0.0
instance_475	1.0	0.0	0.0	0.0	0.0
instance_476	1.0	0.0	0.0	0.0	0.0
instance_477	1.0	0.0	0.0	0.0	0.0
instance_478	1.0	0.0	0.0	0.0	0.0
instance_479	1.0	0.0	0.0	0.0	0.0
instance_480	1.0	0.0	0.0	0.0	0.0
instance_481	1.0	0.0	0.0	0.0	0.0
instance_482	1.0	0.0	0.0	0.0	0.0
instance_483	1.0	0.0	0.0	0.0	0.0
instance_484	1.0	0.0	0.0	0.0	0.0
instance_485	1.0	0.0	0.0	0.0	0.0
instance_486	1.0	0.0	0.0	0.0	0.0
instance_487	1.0	0.0	0.0	0.0	0.0
instance_488	1.0	0.0	0.0	0.0	0.0
instance_489	1.0	0.0	0.0	0.0	0.0
instance_490	1.0	0.0	0.0	0.0	0.0
instance_491	1.0	0.0	0.0	0.0	0.0
instance_492	1.0	0.0	0.0	0.0	0.0
instance_493	1.0	0.0	0.0	0.0	0.0
instance_494	1.0	0.0	0.0	0.0	0.0
instance_495	1.0	0.0	0.0	0.0	0.0
instance_496	1.0	0.0	0.0	0.0	0.0
instance_497	1.0	0.0	0.0	0.0	0.0
instance_498	1.0	0.0	0.0	0.0	0.0
instance_499	1.0	0.0	0.0	0.0	0.0
instance_500	1.0	0.0	0.0	0.0	0.0
instance_501	0.0	1.0	0.0	0.0	0.0
instance_502	0.0	1.0	0.0	0.0	0.0
instance_503	0.0	1.0	0.0	0.0	0.0
instance_504	0.0	1.0	0.0	0.0	0.0
instance_505	0.0	1.0	0.0	0.0	0.0
instance_506	0.0	1.0	0.0	0.0	0.0
instance_507	0.0	1.0	0.0	0.0	0.0
instance_508	0.0	1.0	0.0	0.0	0.0
instance_509	0.0	1.0	0.0	0.0	0.0
instance_510	0.0	1.0	0.0	0.0	0.0
instance_511	0.0	1.0	0.0	0.0	0.0
instance_512	0.0	1.0	0.0	0.0	0.0
instance_513	0.0	1.0	0.0	0.0	0.0
instance_514	0.0	1.0	0.0	0.0	0.0
instance_515	0.0	1.0	0.0	0.0	0.0
instance_516	0.0	1.0	0.0	0.0	0.0
instance_517	0.0	1.0	0.0	0.0	0.0
instance_518	0.0	1.0	0.0	0.0	0.0
instance_519	0.0	1.0	0.0	0.0	0.0
instance_520	0.0	1.0	0.0	0.0	0.0
instance_521	0.0	1.0	0.0	0.0	0.0
instance_522	0.0	1.0	0.0	0.0	0.0
instance_523	0.0	1.0	0.0	0.0	0.0
instance_524	0.0	1.0	0.0	0.0	0.0
instance_525	0.0	0.28	0.72	0.0	0.0
instance_526	0.0	1.0	0.0	0.0	0.0
instance_527	0.0	1.0	0.0	0.0	0.0
instance_528	0.0	1.0	0.0	0.0	0.0
instance_529	0.0	1.0	0.0	0.0	0.0
instance_530	0.0	1.0	0.0	0.0	0.0
instance_531	0.0	1.0	0.0	0.0	0.0
instance_532	0.0	1.0	0.0	0.0	0.0
instance_533	0.0	1.0	0.0	0.0	0.0
instance_534	0.0	1.0	0.0	0.0	0.0
instance_535	0.0	1.0	0.0	0.0	0.0
instance_536	0.0	1.0	0.0	0.0	0.0
instance_537	0.0	1.0	0.0	0.0	0.0
instance_538	0.0	1.0	0.0	0.0	0.0
instance_539	0.0	1.0	0.0	0.0	0.0
instance_540	0.0	1.0	0.0	0.0	0.0
instance_541	0.0	1.0	0.0	0.0	0.0
instance_542	0.0	1.0	0.0	0.0	0.0
instance_543	0.0	1.0	0.0	0.0	0.0
instance_544	0.0	1.0	0.0	0.0	0.0
instance_545	0.0	1.0	0.0	0.0	0.0
instance_546	0.0	1.0	0.0	0.0	0.0
instance_547	0.0	1.0	0.0	0.0	0.0
instance_548	0.0	1.0	0.0	0.0	0.0
instance_549	0.0	1.0	0.0	0.0	0.0
instance_550	0.0	1.0	0.0	0.0	0.0
instance_551	0.0	1.0	0.0	0.0	0.0
instance_552	0.0	1.0	0.0	0.0	0.0
instance_553	0.0	1.0	0.0	0.0	0.0
instance_554	0.0	1.0	0.0	0.0	0.0
instance_555	0.0	1.0	0.0	0.0	0.0
instance_556	0.0	1.0	0.0	0.0	0.0
instance_557	0.0	1.0	0.0	0.0	0.0
instance_558	0.0	1.0	0.0	0.0	0.0
instance_559	0.0	1.0	0.0	0.0	0.0
instance_560	0.0	1.0	0.0	0.0	0.0
instance_561	0.0	1.0	0.0	0.0	0.0
instance_562	0.0	1.0	0.0	0.0	0.0
instance_563	0.0	1.0	0.0	0.0	0.0
instance_564	0.0	1.0	0.0	0.0	0.0
instance_565	0.0	1.0	0.0	0.0	0.0
instance_566	0.0	1.0	0.0	0.0	0.0
instance_567	0.0	1.0	0.0	0.0	0.0
instance_568	0.0	1.0	0.0	0.0	0.0
instance_569	0.0	1.0	0.0	0.0	0.0
instance_570	0.0	1.0	0.0	0.0	0.0
instance_571	0.0	1.0	0.0	0.0	0.0
instance_572	0.0	1.0	0.0	0.0	0.0
instance_573	0.0	1.0	0.0	0.0	0.0
instance_574	0.0	1.0	0.0	0.0	0.0
instance_575	0.0	1.0	0.0	0.0	0.0
instance_576	0.0	1.0	0.0	0.0	0.0
instance_577	0.0	1.0	0.0	0.0	0.0
instance_578	0.0	1.0	0.0	0.0	0.0
instance_579	0.0	1.0	0.0	0.0	0.0
instance_580	0.0	1.0	0.0	0.0	0.0
instance_581	0.0	1.0	0.0	0.0	0.0
instance_582	0.0	1.0	0.0	0.0	0.0
instance_583	0.0	1.0	0.0	0.0	0.0
instance_584	0.0	1.0	0.0	0.0	0.0
instance_585	0.0	1.0	0.0	0.0	0.0
instance_586	0.0	1.0	0.0	0.0	0.0
instance_587	0.0	1.0	0.0	0.0	0.0
instance_588	0.0	1.0	0.0	0.0	0.0
instance_589	0.0	1.0	0.0	0.0	0.0
instance_590	0.0	1.0	0.0	0.0	0.0
instance_591	0.0	1.0	0.0	0.0	0.0
instance_592	0.0	1.0	0.0	0.0	0.0
instance_593	0.0	1.0	0.0	0.0	0.0
instance_594	0.0	1.0	0.0	0.0	0.0
instance_595	0.0	0.01	0.99	0.0	0.0
instance_596	0.0	1.0	0.0	0.0	0.0
instance_597	0.0	1.0	0.0	0.0	0.0
instance_598	0.0	1.0	0.0	0.0	0.0
instance_599	0.0	1.0	0.0	0.0	0.0
instance_600	0.0	1.0	0.0	0.0	0.0
instance_601	0.0	1.0	0.0	0.0	0.0
instance_602	0.0	1.0	0.0	0.0	0.0
instance_603	0.0	1.0	0.0	0.0	0.0
instance_604	0.0	1.0	0.0	0.0	0.0
instance_605	0.0	1.0	0.0	0.0	0.0
instance_606	0.0	1.0	0.0	0.0	0.0
instance_607	0.0	1.0	0.0	0.0	0.0
instance_608	0.0	1.0	0.0	0.0	0.0
instance_609	0.0	1.0	0.0	0.0	0.0
instance_610	0.0	1.0	0.0	0.0	0.0
instance_611	0.0	1.0	0.0	0.0	0.0
instance_612	0.0	1.0	0.0	0.0	0.0
instance_613	0.0	1.0	0.0	0.0	0.0
instance_614	0.0	1.0	0.0	0.0	0.0
instance_615	0.0	1.0	0.0	0.0	0.0
instance_616	0.0	1.0	0.0	0.0	0.0
instance_617	0.0	1.0	0.0	0.0	0.0
instance_618	0.0	1.0	0.0	0.0	0.0
instance_619	0.0	1.0	0.0	0.0	0.0
instance_620	0.0	1.0	0.0	0.0	0.0
instance_621	0.0	1.0	0.0	0.0	0.0
instance_622	0.0	1.0	0.0	0.0	0.0
instance_623	0.0	1.0	0.0	0.0	0.0
instance_624	0.0	1.0	0.0	0.0	0.0
instance_625	0.0	1.0	0.0	0.0	0.0
instance_626	0.0	1.0	0.0	0.0	0.0
instance_627	0.0	1.0	0.0	0.0	0.0
instance_628	0.0	1.0	0.0	0.0	0.0
instance_629	0.0	1.0	0.0	0.0	0.0
instance_630	0.0	1.0	0.0	0.0	0.0
instance_631	0.0	1.0	0.0	0.0	0.0
instance_632	0.0	1.0	0.0	0.0	0.0
instance_633	0.0	1.0	0.0	0.0	0.0
instance_634	0.0	1.0	0.0	0.0	0.0
instance_635	0.0	1.0	0.0	0.0	0.0
instance_636	0.0	1.0	0.0	0.0	0.0
instance_637	0.0	1.0	0.0	0.0	0.0
instance_638	0.0	1.0	0.0	0.0	0.0
instance_639	0.0	1.0	0.0	0.0	0.0
instance_640	0.0	1.0	0.0	0.0	0.0
instance_641	0.0	1.0	0.0	0.0	0.0
instance_642	0.0	1.0	0.0	0.0	0.0
instance_643	0.0	1.0	0.0	0.0	0.0
instance_644	0.0	1.0	0.0	0.0	0.0
instance_645	0.0	1.0	0.0	0.0	0.0
instance_646	0.0	1.0	0.0	0.0	0.0
instance_647	0.0	1.0	0.0	0.0	0.0
instance_648	0.0	1.0	0.0	0.0	0.0
instance_649	0.0	1.0	0.0	0.0	0.0
instance_650	0.0	1.0	0.0	0.0	0.0
instance_651	0.0	1.0	0.0	0.0	0.0
instance_652	0.0	1.0	0.0	0.0	0.0
instance_653	0.0	1.0	0.0	0.0	0.0
instance_654	0.0	1.0	0.0	0.0	0.0
instance_655	0.0	1.0	0.0	0.0	0.0
instance_656	0.0	1.0	0.0	0.0	0.0
instance_657	0.0	1.0	0.0	0.0	0.0
instance_658	0.0	1.0	0.0	0.0	0.0
instance_659	0.0	0.0	1.0	0.0	0.0
instance_660	0.0	1.0	0.0	0.0	0.0
instance_661	0.0	1.0	0.0	0.0	0.0
instance_662	0.0	1.0	0.0	0.0	0.0
instance_663	0.0	1.0	0.0	0.0	0.0
instance_664	0.0	1.0	0.0	0.0	0.0
instance_665	0.0	1.0	0.0	0.0	0.0
instance_666	0.0	1.0	0.0	0.0	0.0
instance_667	0.0	1.0	0.0	0.0	0.0
instance_668	0.0	1.0	0.0	0.0	0.0
instance_669	0.0	1.0	0.0	0.0	0.0
instance_670	0.0	1.0	0.0	0.0	0.0
instance_671	0.0	1.0	0.0	0.0	0.0
instance_672	0.0	1.0	0.0	0.0	0.0
instance_673	0.0	1.0	0.0	0.0	0.0
instance_674	0.0	1.0	0.0	0.0	0.0
instance_675	0.0	1.0	0.0	0.0	0.0
instance_676	0.0	1.0	0.0	0.0	0.0
instance_677	0.0	1.0	0.0	0.0	0.0
instance_678	0.0	1.0	0.0	0.0	0.0
instance_679	0.0	1.0	0.0	0.0	0.0
instance_680	0.0	1.0	0.0	0.0	0.0
instance_681	0.0	1.0	0.0	0.0	0.0
instance_682	0.0	1.0	0.0	0.0	0.0
instance_683	0.0	1.0	0.0	0.0	0.0
instance_684	0.0	1.0	0.0	0.0	0.0
instance_685	0.0	1.0	0.0	0.0	0.0
instance_686	0.0	1.0	0.0	0.0	0.0
instance_687	0.0	1.0	0.0	0.0	0.0
instance_688	0.0	1.0	0.0	0.0	0.0
instance_689	0.0	1.0	0.0	0.0	0.0
instance_690	0.0	1.0	0.0	0.0	0.0
instance_691	0.0	1.0	0.0	0.0	0.0
instance_692	0.0	1.0	0.0	0.0	0.0
instance_693	0.0	1.0	0.0	0.0	0.0
instance_694	0.0	1.0	0.0	0.0	0.0
instance_695	0.0	1.0	0.0	0.0	0.0
instance_696	0.0	1.0	0.0	0.0	0.0
instance_697	0.0	1.0	0.0	0.0	0.0
instance_698	0.0	1.0	0.0	0.0	0.0
instance_699	0.0	1.0	0.0	0.0	0.0
instance_700	0.0	1.0	0.0	0.0	0.0
instance_701	0.0	1.0	0.0	0.0	0.0
instance_702	0.0	1.0	0.0	0.0	0.0
instance_703	0.0	1.0	0.0	0.0	0.0
instance_704	0.0	1.0	0.0	0.0	0.0
instance_705	0.0	1.0	0.0	0.0	0.0
instance_706	0.0	1.0	0.0	0.0	0.0
instance_707	0.0	1.0	0.0	0.0	0.0
instance_708	0.0	1.0	0.0	0.0	0.0
instance_709	0.0	1.0	0.0	0.0	0.0
instance_710	0.0	1.0	0.0	0.0	0.0
instance_711	0.0	1.0	0.0	0.0	0.0
instance_712	0.0	1.0	0.0	0.0	0.0
instance_713	0.0	1.0	0.0	0.0	0.0
instance_714	0.0	1.0	0.0	0.0	0.0
instance_715	0.0	1.0	0.0	0.0	0.0
instance_716	0.0	1.0	0.0	0.0	0.0
instance_717	0.0	1.0	0.0	0.0	0.0
instance_718	0.0	1.0	0.0	0.0	0.0
instance_719	0.0	1.0	0.0	0.0	0.0
instance_720	0.0	1.0	0.0	0.0	0.0
instance_721	0.0	1.0	0.0	0.0	0.0
instance_722	0.0	1.0	0.0	0.0	0.0
instance_723	0.0	1.0	0.0	0.0	0.0
instance_724	0.0	1.0	0.0	0.0	0.0
instance_725	0.0	1.0	0.0	0.0	0.0
instance_726	0.0	1.0	0.0	0.0	0.0
instance_727	0.0	1.0	0.0	0.0	0.0
instance_728	0.0	1.0	0.0	0.0	0.0
instance_729	0.0	1.0	0.0	0.0	0.0
instance_730	0.0	1.0	0.0	0.0	0.0
instance_731	0.0	1.0	0.0	0.0	0.0
instance_732	0.0	1.0	0.0	0.0	0.0
instance_733	0.0	1.0	0.0	0.0	0.0
instance_734	0.0	1.0	0.0	0.0	0.0
instance_735	0.0	0.01	0.99	0.0	0.0
instance_736	0.0	1.0	0.0	0.0	0.0
instance_737	0.0	1.0	0.0	0.0	0.0
instance_738	0.0	1.0	0.0	0.0	0.0
instance_739	0.0	1.0	0.0	0.0	0.0
instance_740	0.0	1.0	0.0	0.0	0.0
instance_741	0.0	1.0	0.0	0.0	0.0
instance_742	0.0	1.0	0.0	0.0	0.0
instance_743	0.0	1.0	0.0	0.0	0.0
instance_744	0.0	1.0	0.0	0.0	0.0
instance_745	0.0	1.0	0.0	0.0	0.0
instance_746	0.0	1.0	0.0	0.0	0.0
instance_747	0.0	1.0	0.0	0.0	0.0
instance_748	0.0	1.0	0.0	0.0	0.0
instance_749	0.0	1.0	0.0	0.0	0.0
instance_750	0.0	1.0	0.0	0.0	0.0
instance_751	0.0	1.0	0.0	0.0	0.0
instance_752	0.0	1.0	0.0	0.0	0.0
instance_753	0.0	1.0	0.0	0.0	0.0
instance_754	0.0	0.98	0.02	0.0	0.0
instance_755	0.0	1.0	0.0	0.0	0.0
instance_756	0.0	1.0	0.0	0.0	0.0
instance_757	0.0	1.0	0.0	0.0	0.0
instance_758	0.0	1.0	0.0	0.0	0.0
instance_759	0.0	1.0	0.0	0.0	0.0
instance_760	0.0	0.0	1.0	0.0	0.0
instance_761	0.0	1.0	0.0	0.0	0.0
instance_762	0.0	1.0	0.0	0.0	0.0
instance_763	0.0	0.0	1.0	0.0	0.0
instance_764	0.0	1.0	0.0	0.0	0.0
instance_765	0.0	1.0	0.0	0.0	0.0
instance_766	0.0	1.0	0.0	0.0	0.0
instance_767	0.0	1.0	0.0	0.0	0.0
instance_768	0.0	1.0	0.0	0.0	0.0
instance_769	0.0	1.0	0.0	0.0	0.0
instance_770	0.0	1.0	0.0	0.0	0.0
instance_771	0.0	1.0	0.0	0.0	0.0
instance_772	0.0	1.0	0.0	0.0	0.0
instance_773	0.0	0.0	1.0	0.0	0.0
instance_774	0.0	1.0	0.0	0.0	0.0
instance_775	0.0	1.0	0.0	0.0	0.0
instance_776	0.0	1.0	0.0	0.0	0.0
instance_777	0.0	1.0	0.0	0.0	0.0
instance_778	0.0	1.0	0.0	0.0	0.0
instance_779	0.0	1.0	0.0	0.0	0.0
instance_780	0.0	1.0	0.0	0.0	0.0
instance_781	0.0	1.0	0.0	0.0	0.0
instance_782	0.0	1.0	0.0	0.0	0.0
instance_783	0.0	1.0	0.0	0.0	0.0
instance_784	0.0	1.0	0.0	0.0	0.0
instance_785	0.0	1.0	0.0	0.0	0.0
instance_786	0.0	1.0	0.0	0.0	0.0
instance_787	0.0	1.0	0.0	0.0	0.0
instance_788	0.0	1.0	0.0	0.0	0.0
instance_789	0.0	0.02	0.98	0.0	0.0
instance_790	0.0	1.0	0.0	0.0	0.0
instance_791	0.0	1.0	0.0	0.0	0.0
instance_792	0.0	1.0	0.0	0.0	0.0
instance_793	0.0	1.0	0.0	0.0	0.0
instance_794	0.0	1.0	0.0	0.0	0.0
instance_795	0.0	1.0	0.0	0.0	0.0
instance_796	0.0	1.0	0.0	0.0	0.0
instance_797	0.0	1.0	0.0	0.0	0.0
instance_798	0.0	1.0	0.0	0.0	0.0
instance_799	0.0	1.0	0.0	0.0	0.0
instance_800	0.0	1.0	0.0	0.0	0.0
instance_801	0.0	1.0	0.0	0.0	0.0
instance_802	0.0	1.0	0.0	0.0	0.0
instance_803	0.0	1.0	0.0	0.0	0.0
instance_804	0.0	1.0	0.0	0.0	0.0
instance_805	0.0	1.0	0.0	0.0	0.0
instance_806	0.0	1.0	0.0	0.0	0.0
instance_807	0.0	1.0	0.0	0.0	0.0
instance_808	0.0	1.0	0.0	0.0	0.0
instance_809	0.0	1.0	0.0	0.0	0.0
instance_810	0.0	1.0	0.0	0.0	0.0
instance_811	0.0	1.0	0.0	0.0	0.0
instance_812	0.0	1.0	0.0	0.0	0.0
instance_813	0.0	1.0	0.0	0.0	0.0
instance_814	0.0	1.0	0.0	0.0	0.0
instance_815	0.0	1.0	0.0	0.0	0.0
instance_816	0.0	1.0	0.0	0.0	0.0
instance_817	0.0	1.0	0.0	0.0	0.0
instance_818	0.0	1.0	0.0	0.0	0.0
instance_819	0.0	1.0	0.0	0.0	0.0
instance_820	0.0	1.0	0.0	0.0	0.0
instance_821	0.0	1.0	0.0	0.0	0.0
instance_822	0.0	1.0	0.0	0.0	0.0
instance_823	0.0	1.0	0.0	0.0	0.0
instance_824	0.0	1.0	0.0	0.0	0.0
instance_825	0.0	1.0	0.0	0.0	0.0
instance_826	0.0	1.0	0.0	0.0	0.0
instance_827	0.0	1.0	0.0	0.0	0.0
instance_828	0.0	1.0	0.0	0.0	0.0
instance_829	0.0	1.0	0.0	0.0	0.0
instance_830	0.0	1.0	0.0	0.0	0.0
instance_831	0.0	1.0	0.0	0.0	0.0
instance_832	0.0	1.0	0.0	0.0	0.0
instance_833	0.0	1.0	0.0	0.0	0.0
instance_834	0.0	0.98	0.02	0.0	0.0
instance_835	0.0	1.0	0.0	0.0	0.0
instance_836	0.0	1.0	0.0	0.0	0.0
instance_837	0.0	1.0	0.0	0.0	0.0
instance_838	0.0	1.0	0.0	0.0	0.0
instance_839	0.0	1.0	0.0	0.0	0.0
instance_840	0.0	1.0	0.0	0.0	0.0
instance_841	0.0	1.0	0.0	0.0	0.0
instance_842	0.0	1.0	0.0	0.0	0.0
instance_843	0.0	1.0	0.0	0.0	0.0
instance_844	0.0	1.0	0.0	0.0	0.0
instance_845	0.0	1.0	0.0	0.0	0.0
instance_846	0.0	1.0	0.0	0.0	0.0
instance_847	0.0	1.0	0.0	0.0	0.0
instance_848	0.0	1.0	0.0	0.0	0.0
instance_849	0.0	1.0	0.0	0.0	0.0
instance_850	0.0	1.0	0.0	0.0	0.0
instance_851	0.0	1.0	0.0	0.0	0.0
instance_852	0.0	1.0	0.0	0.0	0.0
instance_853	0.0	1.0	0.0	0.0	0.0
instance_854	0.0	1.0	0.0	0.0	0.0
instance_855	0.0	0.0	1.0	0.0	0.0
instance_856	0.0	1.0	0.0	0.0	0.0
instance_857	0.0	1.0	0.0	0.0	0.0
instance_858	0.0	1.0	0.0	0.0	0.0
instance_859	0.0	1.0	0.0	0.0	0.0
instance_860	0.0	1.0	0.0	0.0	0.0
instance_861	0.0	1.0	0.0	0.0	0.0
instance_862	0.0	1.0	0.0	0.0	0.0
instance_863	0.0	1.0	0.0	0.0	0.0
instance_864	0.0	1.0	0.0	0.0	0.0
instance_865	0.0	1.0	0.0	0.0	0.0
instance_866	0.0	1.0	0.0	0.0	0.0
instance_867	0.0	1.0	0.0	0.0	0.0
instance_868	0.0	1.0	0.0	0.0	0.0
instance_869	0.0	1.0	0.0	0.0	0.0
instance_870	0.0	1.0	0.0	0.0	0.0
instance_871	0.0	1.0	0.0	0.0	0.0
instance_872	0.0	1.0	0.0	0.0	0.0
instance_873	0.0	1.0	0.0	0.0	0.0
instance_874	0.0	1.0	0.0	0.0	0.0
instance_875	0.0	0.0	1.0	0.0	0.0
instance_876	0.0	0.0	1.0	0.0	0.0
instance_877	0.0	1.0	0.0	0.0	0.0
instance_878	0.0	1.0	0.0	0.0	0.0
instance_879	0.0	1.0	0.0	0.0	0.0
instance_880	0.0	1.0	0.0	0.0	0.0
instance_881	0.0	1.0	0.0	0.0	0.0
instance_882	0.0	1.0	0.0	0.0	0.0
instance_883	0.0	1.0	0.0	0.0	0.0
instance_884	0.0	1.0	0.0	0.0	0.0
instance_885	0.0	1.0	0.0	0.0	0.0
instance_886	0.0	1.0	0.0	0.0	0.0
instance_887	0.0	1.0	0.0	0.0	0.0
instance_888	0.0	1.0	0.0	0.0	0.0
instance_889	0.0	1.0	0.0	0.0	0.0
instance_890	0.0	1.0	0.0	0.0	0.0
instance_891	0.0	1.0	0.0	0.0	0.0
instance_892	0.0	0.0	1.0	0.0	0.0
instance_893	0.0	1.0	0.0	0.0	0.0
instance_894	0.0	1.0	0.0	0.0	0.0
instance_895	0.0	1.0	0.0	0.0	0.0
instance_896	0.0	1.0	0.0	0.0	0.0
instance_897	0.0	1.0	0.0	0.0	0.0
instance_898	0.0	1.0	0.0	0.0	0.0
instance_899	0.0	1.0	0.0	0.0	0.0
instance_900	0.0	1.0	0.0	0.0	0.0
instance_901	0.0	1.0	0.0	0.0	0.0
instance_902	0.0	1.0	0.0	0.0	0.0
instance_903	0.0	1.0	0.0	0.0	0.0
instance_904	0.0	1.0	0.0	0.0	0.0
instance_905	0.0	1.0	0.0	0.0	0.0
instance_906	0.0	1.0	0.0	0.0	0.0
instance_907	0.0	1.0	0.0	0.0	0.0
instance_908	0.0	1.0	0.0	0.0	0.0
instance_909	0.0	1.0	0.0	0.0	0.0
instance_910	0.0	1.0	0.0	0.0	0.0
instance_911	0.0	1.0	0.0	0.0	0.0
instance_912	0.0	1.0	0.0	0.0	0.0
instance_913	0.0	1.0	0.0	0.0	0.0
instance_914	0.0	1.0	0.0	0.0	0.0
instance_915	0.0	1.0	0.0	0.0	0.0
instance_916	0.0	1.0	0.0	0.0	0.0
instance_917	0.0	1.0	0.0	0.0	0.0
instance_918	0.0	1.0	0.0	0.0	0.0
instance_919	0.0	1.0	0.0	0.0	0.0
instance_920	0.0	1.0	0.0	0.0	0.0
instance_921	0.0	1.0	0.0	0.0	0.0
instance_922	0.0	1.0	0.0	0.0	0.0
instance_923	0.0	1.0	0.0	0.0	0.0
instance_924	0.0	1.0	0.0	0.0	0.0
instance_925	0.0	1.0	0.0	0.0	0.0
instance_926	0.0	1.0	0.0	0.0	0.0
instance_927	0.0	1.0	0.0	0.0	0.0
instance_928	0.0	1.0	0.0	0.0	0.0
instance_929	0.0	1.0	0.0	0.0	0.0
instance_930	0.0	1.0	0.0	0.0	0.0
instance_931	0.0	1.0	0.0	0.0	0.0
instance_932	0.0	1.0	0.0	0.0	0.0
instance_933	0.0	1.0	0.0	0.0	0.0
instance_934	0.0	0.0	1.0	0.0	0.0
instance_935	0.0	0.0	1.0	0.0	0.0
instance_936	0.0	1.0	0.0	0.0	0.0
instance_937	0.0	1.0	0.0	0.0	0.0
instance_938	0.0	1.0	0.0	0.0	0.0
instance_939	0.0	1.0	0.0	0.0	0.0
instance_940	0.0	1.0	0.0	0.0	0.0
instance_941	0.0	1.0	0.0	0.0	0.0
instance_942	0.0	1.0	0.0	0.0	0.0
instance_943	0.0	1.0	0.0	0.0	0.0
instance_944	0.0	1.0	0.0	0.0	0.0
instance_945	0.0	1.0	0.0	0.0	0.0
instance_946	0.0	1.0	0.0	0.0	0.0
instance_947	0.0	1.0	0.0	0.0	0.0
instance_948	0.0	1.0	0.0	0.0	0.0
instance_949	0.0	1.0	0.0	0.0	0.0
instance_950	0.0	1.0	0.0	0.0	0.0
instance_951	0.0	1.0	0.0	0.0	0.0
instance_952	0.0	0.0	1.0	0.0	0.0
instance_953	0.0	1.0	0.0	0.0	0.0
instance_954	0.0	1.0	0.0	0.0	0.0
instance_955	0.0	1.0	0.0	0.0	0.0
instance_956	0.0	1.0	0.0	0.0	0.0
instance_957	0.0	1.0	0.0	0.0	0.0
instance_958	0.0	1.0	0.0	0.0	0.0
instance_959	0.0	1.0	0.0	0.0	0.0
instance_960	0.0	1.0	0.0	0.0	0.0
instance_961	0.0	1.0	0.0	0.0	0.0
instance_962	0.0	1.0	0.0	0.0	0.0
instance_963	0.0	1.0	0.0	0.0	0.0
instance_964	0.0	1.0	0.0	0.0	0.0
instance_965	0.0	1.0	0.0	0.0	0.0
instance_966	0.0	1.0	0.0	0.0	0.0
instance_967	0.0	1.0	0.0	0.0	0.0
instance_968	0.0	0.0	1.0	0.0	0.0
instance_969	0.0	1.0	0.0	0.0	0.0
instance_970	0.0	1.0	0.0	0.0	0.0
instance_971	0.0	1.0	0.0	0.0	0.0
instance_972	0.0	1.0	0.0	0.0	0.0
instance_973	0.0	1.0	0.0	0.0	0.0
instance_974	0.0	1.0	0.0	0.0	0.0
instance_975	0.0	1.0	0.0	0.0	0.0
instance_976	0.0	1.0	0.0	0.0	0.0
instance_977	0.0	0.87	0.13	0.0	0.0
instance_978	0.0	1.0	0.0	0.0	0.0
instance_979	0.0	1.0	0.0	0.0	0.0
instance_980	0.0	1.0	0.0	0.0	0.0
instance_981	0.0	1.0	0.0	0.0	0.0
instance_982	0.0	1.0	0.0	0.0	0.0
instance_983	0.0	1.0	0.0	0.0	0.0
instance_984	0.0	1.0	0.0	0.0	0.0
instance_985	0.0	1.0	0.0	0.0	0.0
instance_986	0.0	1.0	0.0	0.0	0.0
instance_987	0.0	1.0	0.0	0.0	0.0
instance_988	0.0	1.0	0.0	0.0	0.0
instance_989	0.0	1.0	0.0	0.0	0.0
instance_990	0.0	1.0	0.0	0.0	0.0
instance_991	0.0	1.0	0.0	0.0	0.0
instance_992	0.0	1.0	0.0	0.0	0.0
instance_993	0.0	1.0	0.0	0.0	0.0
instance_994	0.0	1.0	0.0	0.0	0.0
instance_995	0.0	1.0	0.0	0.0	0.0
instance_996	0.0	1.0	0.0	0.0	0.0
instance_997	0.0	1.0	0.0	0.0	0.0
instance_998	0.0	1.0	0.0	0.0	0.0
instance_999	0.0	1.0	0.0	0.0	0.0
instance_1000	0.0	1.0	0.0	0.0	0.0
instance_1001	0.0	0.0	1.0	0.0	0.0
instance_1002	0.0	0.0	1.0	0.0	0.0
instance_1003	0.0	0.0	1.0	0.0	0.0
instance_1004	0.0	0.0	1.0	0.0	0.0
instance_1005	0.0	0.0	1.0	0.0	0.0
instance_1006	0.0	0.0	1.0	0.0	0.0
instance_1007	0.0	0.0	1.0	0.0	0.0
instance_1008	0.0	0.0	1.0	0.0	0.0
instance_1009	0.0	0.0	1.0	0.0	0.0
instance_1010	0.0	0.0	1.0	0.0	0.0
instance_1011	0.0	0.0	1.0	0.0	0.0
instance_1012	0.0	0.0	1.0	0.0	0.0
instance_1013	0.0	0.0	1.0	0.0	0.0
instance_1014	0.0	0.0	1.0	0.0	0.0
instance_1015	0.0	0.0	1.0	0.0	0.0
instance_1016	0.0	0.0	1.0	0.0	0.0
instance_1017	0.0	0.0	1.0	0.0	0.0
instance_1018	0.0	0.0	1.0	0.0	0.0
instance_1019	0.0	0.0	1.0	0.0	0.0
instance_1020	0.0	0.0	1.0	0.0	0.0
instance_1021	0.0	0.0	1.0	0.0	0.0
instance_1022	0.0	0.0	1.0	0.0	0.0
instance_1023	0.0	0.0	1.0	0.0	0.0
instance_1024	0.0	0.0	1.0	0.0	0.0
instance_1025	0.0	0.0	1.0	0.0	0.0
instance_1026	0.0	0.0	1.0	0.0	0.0
instance_1027	0.0	0.0	1.0	0.0	0.0
instance_1028	0.0	0.0	1.0	0.0	0.0
instance_1029	0.0	0.0	1.0	0.0	0.0
instance_1030	0.0	0.0	1.0	0.0	0.0
instance_1031	0.0	0.0	1.0	0.0	0.0
instance_1032	0.0	0.0	1.0	0.0	0.0
instance_1033	0.0	0.0	1.0	0.0	0.0
instance_1034	0.0	0.0	1.0	0.0	0.0
instance_1035	0.0	0.0	1.0	0.0	0.0
instance_1036	0.0	0.0	1.0	0.0	0.0
instance_1037	0.0	0.0	1.0	0.0	0.0
instance_1038	0.0	0.0	1.0	0.0	0.0
instance_1039	0.0	0.0	1.0	0.0	0.0
instance_1040	0.0	0.0	1.0	0.0	0.0
instance_1041	0.0	0.0	1.0	0.0	0.0
instance_1042	0.0	0.0	1.0	0.0	0.0
instance_1043	0.0	0.0	1.0	0.0	0.0
instance_1044	0.0	0.0	1.0	0.0	0.0
instance_1045	0.0	0.0	1.0	0.0	0.0
instance_1046	0.0	0.0	1.0	0.0	0.0
instance_1047	0.0	0.0	1.0	0.0	0.0
instance_1048	0.0	0.0	1.0	0.0	0.0
instance_1049	0.0	0.0	1.0	0.0	0.0
instance_1050	0.0	0.0	1.0	0.0	0.0
instance_1051	0.0	0.0	1.0	0.0	0.0
instance_1052	0.0	0.0	1.0	0.0	0.0
instance_1053	0.0	0.0	1.0	0.0	0.0
instance_1054	0.0	0.0	1.0	0.0	0.0
instance_1055	0.0	0.0	1.0	0.0	0.0
instance_1056	0.0	0.0	1.0	0.0	0.0
instance_1057	0.0	0.0	1.0	0.0	0.0
instance_1058	0.0	0.0	1.0	0.0	0.0
instance_1059	0.0	0.0	1.0	0.0	0.0
instance_1060	0.0	0.0	1.0	0.0	0.0
instance_1061	0.0	0.0	1.0	0.0	0.0
instance_1062	0.0	0.0	1.0	0.0	0.0
instance_1063	0.0	0.0	1.0	0.0	0.0
instance_1064	0.0	0.0	1.0	0.0	0.0
instance_1065	0.0	0.0	1.0	0.0	0.0
instance_1066	0.0	0.0	1.0	0.0	0.0
instance_1067	0.0	0.0	1.0	0.0	0.0
instance_1068	0.0	0.0	1.0	0.0	0.0
instance_1069	0.0	0.0	1.0	0.0	0.0
instance_1070	0.0	0.0	1.0	0.0	0.0
instance_1071	0.0	0.0	1.0	0.0	0.0
instance_1072	0.0	0.0	1.0	0.0	0.0
instance_1073	0.0	0.0	1.0	0.0	0.0
instance_1074	0.0	0.0	1.0	0.0	0.0
instance_1075	0.0	0.0	1.0	0.0	0.0
instance_1076	0.0	0.0	1.0	0.0	0.0
instance_1077	0.0	0.0	1.0	0.0	0.0
instance_1078	0.0	0.0	1.0	0.0	0.0
instance_1079	0.0	0.0	1.0	0.0	0.0
instance_1080	0.0	0.0	1.0	0.0	0.0
instance_1081	0.0	0.0	1.0	0.0	0.0
instance_1082	0.0	0.0	1.0	0.0	0.0
instance_1083	0.0	0.0	1.0	0.0	0.0
instance_1084	0.0	0.0	1.0	0.0	0.0
instance_1085	0.0	0.0	1.0	0.0	0.0
instance_1086	0.0	0.0	1.0	0.0	0.0
instance_1087	0.0	0.0	1.0	0.0	0.0
instance_1088	0.0	0.0	1.0	0.0	0.0
instance_1089	0.0	0.0	1.0	0.0	0.0
instance_1090	0.0	0.0	1.0	0.0	0.0
instance_1091	0.0	0.0	1.0	0.0	0.0
instance_1092	0.0	0.0	1.0	0.0	0.0
instance_1093	0.0	0.0	1.0	0.0	0.0
instance_1094	0.0	0.0	1.0	0.0	0.0
instance_1095	0.0	0.0	1.0	0.0	0.0
instance_1096	0.0	0.0	1.0	0.0	0.0
instance_1097	0.0	0.0	1.0	0.0	0.0
instance_1098	0.0	0.0	1.0	0.0	0.0
instance_1099	0.0	0.0	1.0	0.0	0.0
instance_1100	0.0	0.0	1.0	0.0	0.0
instance_1101	0.0	0.0	1.0	0.0	0.0
instance_1102	0.0	0.0	1.0	0.0	0.0
instance_1103	0.0	0.0	1.0	0.0	0.0
instance_1104	0.0	0.0	1.0	0.0	0.0
instance_1105	0.0	0.0	1.0	0.0	0.0
instance_1106	0.0	0.0	1.0	0.0	0.0
instance_1107	0.0	0.0	1.0	0.0	0.0
instance_1108	0.0	0.0	1.0	0.0	0.0
instance_1109	0.0	0.0	1.0	0.0	0.0
instance_1110	0.0	0.0	1.0	0.0	0.0
instance_1111	0.0	0.0	1.0	0.0	0.0
instance_1112	0.0	0.0	1.0	0.0	0.0
instance_1113	0.0	0.0	0.96	0.04	0.0
instance_1114	0.0	0.0	1.0	0.0	0.0
instance_1115	0.0	0.0	1.0	0.0	0.0
instance_1116	0.0	0.0	1.0	0.0	0.0
instance_1117	0.0	0.0	1.0	0.0	0.0
instance_1118	0.0	0.0	1.0	0.0	0.0
instance_1119	0.0	0.0	1.0	0.0	0.0
instance_1120	0.0	0.0	1.0	0.0	0.0
instance_1121	0.0	0.0	1.0	0.0	0.0
instance_1122	0.0	0.0	1.0	0.0	0.0
instance_1123	0.0	0.0	1.0	0.0	0.0
instance_1124	0.0	0.0	1.0	0.0	0.0
instance_1125	0.0	0.0	1.0	0.0	0.0
instance_1126	0.0	0.0	1.0	0.0	0.0
instance_1127	0.0	0.0	1.0	0.0	0.0
instance_1128	0.0	0.0	1.0	0.0	0.0
instance_1129	0.0	0.0	1.0	0.0	0.0
instance_1130	0.0	0.0	1.0	0.0	0.0
instance_1131	0.0	0.0	1.0	0.0	0.0
instance_1132	0.0	0.0	1.0	0.0	0.0
instance_1133	0.0	0.0	1.0	0.0	0.0
instance_1134	0.0	0.0	1.0	0.0	0.0
instance_1135	0.0	0.0	1.0	0.0	0.0
instance_1136	0.0	0.0	1.0	0.0	0.0
instance_1137	0.0	0.0	1.0	0.0	0.0
instance_1138	0.0	0.0	1.0	0.0	0.0
instance_1139	0.0	0.0	1.0	0.0	0.0
instance_1140	0.0	0.0	1.0	0.0	0.0
instance_1141	0.0	0.0	1.0	0.0	0.0
instance_1142	0.0	0.0	1.0	0.0	0.0
instance_1143	0.0	0.0	1.0	0.0	0.0
instance_1144	0.0	0.0	1.0	0.0	0.0
instance_1145	0.0	0.0	1.0	0.0	0.0
instance_1146	0.0	0.0	1.0	0.0	0.0
instance_1147	0.0	0.0	1.0	0.0	0.0
instance_1148	0.0	0.0	1.0	0.0	0.0
instance_1149	0.0	0.0	1.0	0.0	0.0
instance_1150	0.0	0.0	1.0	0.0	0.0
instance_1151	0.0	0.0	1.0	0.0	0.0
instance_1152	0.0	0.0	1.0	0.0	0.0
instance_1153	0.0	0.0	1.0	0.0	0.0
instance_1154	0.0	0.0	1.0	0.0	0.0
instance_1155	0.0	0.0	1.0	0.0	0.0
instance_1156	0.0	0.0	1.0	0.0	0.0
instance_1157	0.0	0.0	1.0	0.0	0.0
instance_1158	0.0	0.0	1.0	0.0	0.0
instance_1159	0.0	0.0	1.0	0.0	0.0
instance_1160	0.0	0.0	1.0	0.0	0.0
instance_1161	0.0	0.0	1.0	0.0	0.0
instance_1162	0.0	0.0	1.0	0.0	0.0
instance_1163	0.0	0.0	1.0	0.0	0.0
instance_1164	0.0	0.0	1.0	0.0	0.0
instance_1165	0.0	0.0	1.0	0.0	0.0
instance_1166	0.0	0.0	1.0	0.0	0.0
instance_1167	0.0	0.0	1.0	0.0	0.0
instance_1168	0.0	0.0	1.0	0.0	0.0
instance_1169	0.0	0.0	1.0	0.0	0.0
instance_1170	0.0	0.0	1.0	0.0	0.0
instance_1171	0.0	0.0	1.0	0.0	0.0
instance_1172	0.0	0.0	0.94	0.06	0.0
instance_1173	0.0	0.01	0.99	0.0	0.0
instance_1174	0.0	0.0	1.0	0.0	0.0
instance_1175	0.0	0.0	1.0	0.0	0.0
instance_1176	0.0	0.0	1.0	0.0	0.0
instance_1177	0.0	0.0	1.0	0.0	0.0
instance_1178	0.0	0.0	1.0	0.0	0.0
instance_1179	0.0	0.0	1.0	0.0	0.0
instance_1180	0.0	0.0	1.0	0.0	0.0
instance_1181	0.0	0.0	1.0	0.0	0.0
instance_1182	0.0	0.0	1.0	0.0	0.0
instance_1183	0.0	0.0	1.0	0.0	0.0
instance_1184	0.0	0.0	1.0	0.0	0.0
instance_1185	0.0	0.0	1.0	0.0	0.0
instance_1186	0.0	0.0	1.0	0.0	0.0
instance_1187	0.0	0.0	1.0	0.0	0.0
instance_1188	0.0	0.0	1.0	0.0	0.0
instance_1189	0.0	0.0	1.0	0.0	0.0
instance_1190	0.0	0.0	1.0	0.0	0.0
instance_1191	0.0	0.0	1.0	0.0	0.0
instance_1192	0.0	0.0	1.0	0.0	0.0
instance_1193	0.0	0.0	1.0	0.0	0.0
instance_1194	0.0	0.0	1.0	0.0	0.0
instance_1195	0.0	0.0	1.0	0.0	0.0
instance_1196	0.0	0.0	1.0	0.0	0.0
instance_1197	0.0	0.0	1.0	0.0	0.0
instance_1198	0.0	0.0	1.0	0.0	0.0
instance_1199	0.0	0.0	1.0	0.0	0.0
instance_1200	0.0	0.0	1.0	0.0	0.0
instance_1201	0.0	0.0	1.0	0.0	0.0
instance_1202	0.0	0.0	1.0	0.0	0.0
instance_1203	0.0	0.0	1.0	0.0	0.0
instance_1204	0.0	0.0	1.0	0.0	0.0
instance_1205	0.0	0.0	1.0	0.0	0.0
instance_1206	0.0	0.0	1.0	0.0	0.0
instance_1207	0.0	0.0	1.0	0.0	0.0
instance_1208	0.0	0.0	1.0	0.0	0.0
instance_1209	0.0	0.0	1.0	0.0	0.0
instance_1210	0.0	0.0	1.0	0.0	0.0
instance_1211	0.0	0.0	1.0	0.0	0.0
instance_1212	0.0	0.0	1.0	0.0	0.0
instance_1213	0.0	0.0	1.0	0.0	0.0
instance_1214	0.0	0.0	1.0	0.0	0.0
instance_1215	0.0	0.0	1.0	0.0	0.0
instance_1216	0.0	0.0	1.0	0.0	0.0
instance_1217	0.0	0.0	1.0	0.0	0.0
instance_1218	0.0	0.0	1.0	0.0	0.0
instance_1219	0.0	0.0	1.0	0.0	0.0
instance_1220	0.0	0.0	1.0	0.0	0.0
instance_1221	0.0	0.0	1.0	0.0	0.0
instance_1222	0.0	0.0	1.0	0.0	0.0
instance_1223	0.0	0.0	1.0	0.0	0.0
instance_1224	0.0	0.0	1.0	0.0	0.0
instance_1225	0.0	0.0	1.0	0.0	0.0
instance_1226	0.0	0.0	1.0	0.0	0.0
instance_1227	0.0	0.0	1.0	0.0	0.0
instance_1228	0.0	0.0	1.0	0.0	0.0
instance_1229	0.0	0.0	1.0	0.0	0.0
instance_1230	0.0	0.0	1.0	0.0	0.0
instance_1231	0.0	0.0	1.0	0.0	0.0
instance_1232	0.0	0.0	1.0	0.0	0.0
instance_1233	0.0	0.0	1.0	0.0	0.0
instance_1234	0.0	0.0	1.0	0.0	0.0
instance_1235	0.0	0.0	1.0	0.0	0.0
instance_1236	0.0	0.0	1.0	0.0	0.0
instance_1237	0.0	0.0	1.0	0.0	0.0
instance_1238	0.0	0.0	1.0	0.0	0.0
instance_1239	0.0	0.0	1.0	0.0	0.0
instance_1240	0.0	0.0	1.0	0.0	0.0
instance_1241	0.0	0.0	1.0	0.0	0.0
instance_1242	0.0	0.0	1.0	0.0	0.0
instance_1243	0.0	0.0	1.0	0.0	0.0
instance_1244	0.0	0.0	1.0	0.0	0.0
instance_1245	0.0	1.0	0.0	0.0	0.0
instance_1246	0.0	0.0	1.0	0.0	0.0
instance_1247	0.0	0.0	1.0	0.0	0.0
instance_1248	0.0	0.0	1.0	0.0	0.0
instance_1249	0.0	0.0	1.0	0.0	0.0
instance_1250	0.0	0.0	1.0	0.0	0.0
instance_1251	0.0	0.0	1.0	0.0	0.0
instance_1252	0.0	0.0	1.0	0.0	0.0
instance_1253	0.0	0.0	1.0	0.0	0.0
instance_1254	0.0	0.0	1.0	0.0	0.0
instance_1255	0.0	0.0	1.0	0.0	0.0
instance_1256	0.0	0.0	1.0	0.0	0.0
instance_1257	0.0	0.0	1.0	0.0	0.0
instance_1258	0.0	0.0	1.0	0.0	0.0
instance_1259	0.0	0.0	1.0	0.0	0.0
instance_1260	0.0	0.0	1.0	0.0	0.0
instance_1261	0.0	0.0	1.0	0.0	0.0
instance_1262	0.0	0.0	1.0	0.0	0.0
instance_1263	0.0	0.0	1.0	0.0	0.0
instance_1264	0.0	0.0	1.0	0.0	0.0
instance_1265	0.0	0.0	1.0	0.0	0.0
instance_1266	0.0	0.0	1.0	0.0	0.0
instance_1267	0.0	0.0	1.0	0.0	0.0
instance_1268	0.0	0.0	1.0	0.0	0.0
instance_1269	0.0	0.0	1.0	0.0	0.0
instance_1270	0.0	0.0	1.0	0.0	0.0
instance_1271	0.0	0.0	1.0	0.0	0.0
instance_1272	0.0	0.0	1.0	0.0	0.0
instance_1273	0.0	0.0	1.0	0.0	0.0
instance_1274	0.0	0.0	1.0	0.0	0.0
instance_1275	0.0	0.0	1.0	0.0	0.0
instance_1276	0.0	0.0	1.0	0.0	0.0
instance_1277	0.0	0.0	0.94	0.06	0.0
instance_1278	0.0	0.0	1.0	0.0	0.0
instance_1279	0.0	0.0	1.0	0.0	0.0
instance_1280	0.0	0.0	1.0	0.0	0.0
instance_1281	0.0	0.0	1.0	0.0	0.0
instance_1282	0.0	0.0	1.0	0.0	0.0
instance_1283	0.0	0.0	1.0	0.0	0.0
instance_1284	0.0	0.0	1.0	0.0	0.0
instance_1285	0.0	0.0	1.0	0.0	0.0
instance_1286	0.0	0.0	1.0	0.0	0.0
instance_1287	0.0	0.0	1.0	0.0	0.0
instance_1288	0.0	0.0	1.0	0.0	0.0
instance_1289	0.0	0.0	1.0	0.0	0.0
instance_1290	0.0	0.0	1.0	0.0	0.0
instance_1291	0.0	0.0	1.0	0.0	0.0
instance_1292	0.0	0.0	1.0	0.0	0.0
instance_1293	0.0	0.0	1.0	0.0	0.0
instance_1294	0.0	0.0	1.0	0.0	0.0
instance_1295	0.0	0.0	1.0	0.0	0.0
instance_1296	0.0	0.0	1.0	0.0	0.0
instance_1297	0.0	0.0	1.0	0.0	0.0
instance_1298	0.0	0.0	1.0	0.0	0.0
instance_1299	0.0	0.0	1.0	0.0	0.0
instance_1300	0.0	0.0	1.0	0.0	0.0
instance_1301	0.0	0.0	1.0	0.0	0.0
instance_1302	0.0	0.0	1.0	0.0	0.0
instance_1303	0.0	0.0	1.0	0.0	0.0
instance_1304	0.0	0.0	1.0	0.0	0.0
instance_1305	0.0	0.0	1.0	0.0	0.0
instance_1306	0.0	0.0	1.0	0.0	0.0
instance_1307	0.0	0.0	1.0	0.0	0.0
instance_1308	0.0	0.0	1.0	0.0	0.0
instance_1309	0.0	0.0	1.0	0.0	0.0
instance_1310	0.0	0.0	1.0	0.0	0.0
instance_1311	0.0	0.0	1.0	0.0	0.0
instance_1312	0.0	0.0	1.0	0.0	0.0
instance_1313	0.0	0.0	1.0	0.0	0.0
instance_1314	0.0	0.0	1.0	0.0	0.0
instance_1315	0.0	0.0	1.0	0.0	0.0
instance_1316	0.0	0.0	1.0	0.0	0.0
instance_1317	0.0	0.0	1.0	0.0	0.0
instance_1318	0.0	0.0	1.0	0.0	0.0
instance_1319	0.0	0.0	1.0	0.0	0.0
instance_1320	0.0	0.0	1.0	0.0	0.0
instance_1321	0.0	0.0	1.0	0.0	0.0
instance_1322	0.0	0.0	1.0	0.0	0.0
instance_1323	0.0	0.0	1.0	0.0	0.0
instance_1324	0.0	0.0	1.0	0.0	0.0
instance_1325	0.0	0.0	1.0	0.0	0.0
instance_1326	0.0	0.0	1.0	0.0	0.0
instance_1327	0.0	0.0	1.0	0.0	0.0
instance_1328	0.0	0.0	1.0	0.0	0.0
instance_1329	0.0	0.0	1.0	0.0	0.0
instance_1330	0.0	0.0	1.0	0.0	0.0
instance_1331	0.0	0.0	1.0	0.0	0.0
instance_1332	0.0	0.0	1.0	0.0	0.0
instance_1333	0.0	0.0	1.0	0.0	0.0
instance_1334	0.0	0.0	1.0	0.0	0.0
instance_1335	0.0	0.0	1.0	0.0	0.0
instance_1336	0.0	0.0	1.0	0.0	0.0
instance_1337	0.0	0.0	1.0	0.0	0.0
instance_1338	0.0	0.0	1.0	0.0	0.0
instance_1339	0.0	0.0	1.0	0.0	0.0
instance_1340	0.0	0.0	1.0	0.0	0.0
instance_1341	0.0	0.0	1.0	0.0	0.0
instance_1342	0.0	0.0	1.0	0.0	0.0
instance_1343	0.0	0.0	1.0	0.0	0.0
instance_1344	0.0	0.0	1.0	0.0	0.0
instance_1345	0.0	0.0	1.0	0.0	0.0
instance_1346	0.0	0.0	1.0	0.0	0.0
instance_1347	0.0	0.0	1.0	0.0	0.0
instance_1348	0.0	0.0	1.0	0.0	0.0
instance_1349	0.0	0.0	1.0	0.0	0.0
instance_1350	0.0	0.0	1.0	0.0	0.0
instance_1351	0.0	0.0	1.0	0.0	0.0
instance_1352	0.0	0.0	1.0	0.0	0.0
instance_1353	0.0	0.0	1.0	0.0	0.0
instance_1354	0.0	0.0	1.0	0.0	0.0
instance_1355	0.0	0.0	1.0	0.0	0.0
instance_1356	0.0	0.0	1.0	0.0	0.0
instance_1357	0.0	0.0	1.0	0.0	0.0
instance_1358	0.0	0.0	1.0	0.0	0.0
instance_1359	0.0	0.0	1.0	0.0	0.0
instance_1360	0.0	0.0	1.0	0.0	0.0
instance_1361	0.0	0.0	1.0	0.0	0.0
instance_1362	0.0	0.0	1.0	0.0	0.0
instance_1363	0.0	0.0	1.0	0.0	0.0
instance_1364	0.0	0.0	1.0	0.0	0.0
instance_1365	0.0	0.0	1.0	0.0	0.0
instance_1366	0.0	0.0	1.0	0.0	0.0
instance_1367	0.0	0.0	1.0	0.0	0.0
instance_1368	0.0	0.0	1.0	0.0	0.0
instance_1369	0.0	0.0	1.0	0.0	0.0
instance_1370	0.0	0.0	1.0	0.0	0.0
instance_1371	0.0	0.0	1.0	0.0	0.0
instance_1372	0.0	0.0	1.0	0.0	0.0
instance_1373	0.0	0.0	1.0	0.0	0.0
instance_1374	0.0	0.0	1.0	0.0	0.0
instance_1375	0.0	0.0	1.0	0.0	0.0
instance_1376	0.0	0.0	1.0	0.0	0.0
instance_1377	0.0	0.0	1.0	0.0	0.0
instance_1378	0.0	0.0	1.0	0.0	0.0
instance_1379	0.0	0.0	1.0	0.0	0.0
instance_1380	0.0	0.0	1.0	0.0	0.0
instance_1381	0.0	0.0	1.0	0.0	0.0
instance_1382	0.0	0.0	1.0	0.0	0.0
instance_1383	0.0	0.0	1.0	0.0	0.0
instance_1384	0.0	0.0	1.0	0.0	0.0
instance_1385	0.0	0.0	1.0	0.0	0.0
instance_1386	0.0	0.0	1.0	0.0	0.0
instance_1387	0.0	0.0	1.0	0.0	0.0
instance_1388	0.0	0.0	1.0	0.0	0.0
instance_1389	0.0	0.0	1.0	0.0	0.0
instance_1390	0.0	0.0	1.0	0.0	0.0
instance_1391	0.0	0.0	1.0	0.0	0.0
instance_1392	0.0	0.0	1.0	0.0	0.0
instance_1393	0.0	0.0	1.0	0.0	0.0
instance_1394	0.0	0.0	1.0	0.0	0.0
instance_1395	0.0	0.0	1.0	0.0	0.0
instance_1396	0.0	0.0	1.0	0.0	0.0
instance_1397	0.0	0.29	0.71	0.0	0.0
instance_1398	0.0	0.0	1.0	0.0	0.0
instance_1399	0.0	0.0	1.0	0.0	0.0
instance_1400	0.0	0.0	1.0	0.0	0.0
instance_1401	0.0	0.0	1.0	0.0	0.0
instance_1402	0.0	0.0	1.0	0.0	0.0
instance_1403	0.0	0.0	1.0	0.0	0.0
instance_1404	0.0	0.0	1.0	0.0	0.0
instance_1405	0.0	0.0	1.0	0.0	0.0
instance_1406	0.0	0.0	1.0	0.0	0.0
instance_1407	0.0	0.0	1.0	0.0	0.0
instance_1408	0.0	0.0	1.0	0.0	0.0
instance_1409	0.0	0.0	1.0	0.0	0.0
instance_1410	0.0	0.0	1.0	0.0	0.0
instance_1411	0.0	0.0	1.0	0.0	0.0
instance_1412	0.0	0.0	1.0	0.0	0.0
instance_1413	0.0	0.0	1.0	0.0	0.0
instance_1414	0.0	0.0	1.0	0.0	0.0
instance_1415	0.0	0.0	1.0	0.0	0.0
instance_1416	0.0	0.0	1.0	0.0	0.0
instance_1417	0.0	0.0	1.0	0.0	0.0
instance_1418	0.0	0.0	1.0	0.0	0.0
instance_1419	0.0	0.0	1.0	0.0	0.0
instance_1420	0.0	0.0	1.0	0.0	0.0
instance_1421	0.0	0.0	1.0	0.0	0.0
instance_1422	0.0	0.0	1.0	0.0	0.0
instance_1423	0.0	0.0	1.0	0.0	0.0
instance_1424	0.0	0.0	1.0	0.0	0.0
instance_1425	0.0	0.0	1.0	0.0	0.0
instance_1426	0.0	0.0	0.59	0.41	0.0
instance_1427	0.0	0.0	1.0	0.0	0.0
instance_1428	0.0	0.0	1.0	0.0	0.0
instance_1429	0.0	0.0	1.0	0.0	0.0
instance_1430	0.0	0.0	1.0	0.0	0.0
instance_1431	0.0	0.0	1.0	0.0	0.0
instance_1432	0.0	0.0	1.0	0.0	0.0
instance_1433	0.0	0.0	1.0	0.0	0.0
instance_1434	0.0	0.0	1.0	0.0	0.0
instance_1435	0.0	0.0	1.0	0.0	0.0
instance_1436	0.0	0.0	1.0	0.0	0.0
instance_1437	0.0	0.0	1.0	0.0	0.0
instance_1438	0.0	0.0	1.0	0.0	0.0
instance_1439	0.0	0.0	1.0	0.0	0.0
instance_1440	0.0	0.0	1.0	0.0	0.0
instance_1441	0.0	0.0	1.0	0.0	0.0
instance_1442	0.0	0.0	1.0	0.0	0.0
instance_1443	0.0	0.0	1.0	0.0	0.0
instance_1444	0.0	0.0	1.0	0.0	0.0
instance_1445	0.0	0.0	1.0	0.0	0.0
instance_1446	0.0	0.0	1.0	0.0	0.0
instance_1447	0.0	0.0	1.0	0.0	0.0
instance_1448	0.0	0.0	1.0	0.0	0.0
instance_1449	0.0	0.0	1.0	0.0	0.0
instance_1450	0.0	0.0	1.0	0.0	0.0
instance_1451	0.0	0.0	1.0	0.0	0.0
instance_1452	0.0	0.0	1.0	0.0	0.0
instance_1453	0.0	0.0	1.0	0.0	0.0
instance_1454	0.0	0.0	1.0	0.0	0.0
instance_1455	0.0	0.0	1.0	0.0	0.0
instance_1456	0.0	0.0	1.0	0.0	0.0
instance_1457	0.0	0.0	1.0	0.0	0.0
instance_1458	0.0	0.0	1.0	0.0	0.0
instance_1459	0.0	0.0	1.0	0.0	0.0
instance_1460	0.0	0.0	1.0	0.0	0.0
instance_1461	0.0	0.0	1.0	0.0	0.0
instance_1462	0.0	0.0	1.0	0.0	0.0
instance_1463	0.0	0.0	1.0	0.0	0.0
instance_1464	0.0	0.0	1.0	0.0	0.0
instance_1465	0.0	0.0	1.0	0.0	0.0
instance_1466	0.0	0.0	1.0	0.0	0.0
instance_1467	0.0	0.0	1.0	0.0	0.0
instance_1468	0.0	0.0	1.0	0.0	0.0
instance_1469	0.0	0.0	1.0	0.0	0.0
instance_1470	0.0	0.0	1.0	0.0	0.0
instance_1471	0.0	0.0	1.0	0.0	0.0
instance_1472	0.0	0.0	1.0	0.0	0.0
instance_1473	0.0	0.0	1.0	0.0	0.0
instance_1474	0.0	0.0	1.0	0.0	0.0
instance_1475	0.0	0.0	1.0	0.0	0.0
instance_1476	0.0	0.0	1.0	0.0	0.0
instance_1477	0.0	0.0	1.0	0.0	0.0
instance_1478	0.0	0.0	1.0	0.0	0.0
instance_1479	0.0	0.0	1.0	0.0	0.0
instance_1480	0.0	0.0	1.0	0.0	0.0
instance_1481	0.0	0.0	1.0	0.0	0.0
instance_1482	0.0	0.0	1.0	0.0	0.0
instance_1483	0.0	0.0	1.0	0.0	0.0
instance_1484	0.0	0.0	1.0	0.0	0.0
instance_1485	0.0	0.63	0.37	0.0	0.0
instance_1486	0.0	0.0	1.0	0.0	0.0
instance_1487	0.0	0.0	0.63	0.37	0.0
instance_1488	0.0	0.0	1.0	0.0	0.0
instance_1489	0.0	0.0	1.0	0.0	0.0
instance_1490	0.0	0.0	1.0	0.0	0.0
instance_1491	0.0	0.0	1.0	0.0	0.0
instance_1492	0.0	0.0	1.0	0.0	0.0
instance_1493	0.0	0.0	1.0	0.0	0.0
instance_1494	0.0	0.0	1.0	0.0	0.0
instance_1495	0.0	0.0	1.0	0.0	0.0
instance_1496	0.0	0.0	1.0	0.0	0.0
instance_1497	0.0	0.0	1.0	0.0	0.0
instance_1498	0.0	0.0	1.0	0.0	0.0
instance_1499	0.0	0.0	1.0	0.0	0.0
instance_1500	0.0	0.0	1.0	0.0	0.0
instance_1501	0.0	0.0	0.0	1.0	0.0
instance_1502	0.0	0.0	0.0	1.0	0.0
instance_1503	0.0	0.0	0.0	1.0	0.0
instance_1504	0.0	0.0	0.0	1.0	0.0
instance_1505	0.0	0.0	0.0	1.0	0.0
instance_1506	0.0	0.0	0.0	1.0	0.0
instance_1507	0.0	0.0	0.0	1.0	0.0
instance_1508	0.0	0.0	0.0	1.0	0.0
instance_1509	0.0	0.0	0.0	1.0	0.0
instance_1510	0.0	0.0	0.0	1.0	0.0
instance_1511	0.0	0.0	0.0	1.0	0.0
instance_1512	0.0	0.0	0.0	1.0	0.0
instance_1513	0.0	0.0	0.0	1.0	0.0
instance_1514	0.0	0.0	0.0	1.0	0.0
instance_1515	0.0	0.0	0.0	1.0	0.0
instance_1516	0.0	0.0	0.0	1.0	0.0
instance_1517	0.0	0.0	0.0	1.0	0.0
instance_1518	0.0	0.0	0.0	1.0	0.0
instance_1519	0.0	0.0	0.0	1.0	0.0
instance_1520	0.0	0.0	0.0	1.0	0.0
instance_1521	0.0	0.0	0.0	1.0	0.0
instance_1522	0.0	0.0	0.0	1.0	0.0
instance_1523	0.0	0.0	0.0	1.0	0.0
instance_1524	0.0	0.0	0.0	1.0	0.0
instance_1525	0.0	0.0	0.0	1.0	0.0
instance_1526	0.0	0.0	0.0	1.0	0.0
instance_1527	0.0	0.0	0.0	1.0	0.0
instance_1528	0.0	0.0	0.0	1.0	0.0
instance_1529	0.0	0.0	0.0	1.0	0.0
instance_1530	0.0	0.0	0.0	1.0	0.0
instance_1531	0.0	0.0	0.0	1.0	0.0
instance_1532	0.0	0.0	0.0	1.0	0.0
instance_1533	0.0	0.0	0.0	1.0	0.0
instance_1534	0.0	0.0	0.0	1.0	0.0
instance_1535	0.0	0.0	0.0	1.0	0.0
instance_1536	0.0	0.0	0.0	1.0	0.0
instance_1537	0.0	0.0	0.0	1.0	0.0
instance_1538	0.0	0.0	0.0	1.0	0.0
instance_1539	0.0	0.0	0.0	1.0	0.0
instance_1540	0.0	0.0	0.0	1.0	0.0
instance_1541	0.0	0.0	0.0	1.0	0.0
instance_1542	0.0	0.0	0.0	1.0	0.0
instance_1543	0.0	0.0	0.0	1.0	0.0
instance_1544	0.0	0.0	0.0	1.0	0.0
instance_1545	0.0	0.0	0.0	1.0	0.0
instance_1546	0.0	0.0	0.0	1.0	0.0
instance_1547	0.0	0.0	0.0	1.0	0.0
instance_1548	0.0	0.0	0.0	1.0	0.0
instance_1549	0.0	0.0	0.0	1.0	0.0
instance_1550	0.0	0.0	0.0	1.0	0.0
instance_1551	0.0	0.0	0.0	1.0	0.0
instance_1552	0.0	0.0	0.0	1.0	0.0
instance_1553	0.0	0.0	0.0	1.0	0.0
instance_1554	0.0	0.0	0.0	1.0	0.0
instance_1555	0.0	0.0	0.0	1.0	0.0
instance_1556	0.0	0.0	0.0	1.0	0.0
instance_1557	0.0	0.0	0.0	1.0	0.0
instance_1558	0.0	0.0	0.0	1.0	0.0
instance_1559	0.0	0.0	0.0	1.0	0.0
instance_1560	0.0	0.0	0.0	1.0	0.0
instance_1561	0.0	0.0	0.0	1.0	0.0
instance_1562	0.0	0.0	0.0	1.0	0.0
instance_1563	0.0	0.0	0.0	1.0	0.0
instance_1564	0.0	0.0	0.0	1.0	0.0
instance_1565	0.0	0.0	0.0	1.0	0.0
instance_1566	0.0	0.0	0.0	1.0	0.0
instance_1567	0.0	0.0	0.0	1.0	0.0
instance_1568	0.0	0.0	0.0	1.0	0.0
instance_1569	0.0	0.0	0.0	1.0	0.0
instance_1570	0.0	0.0	0.0	1.0	0.0
instance_1571	0.0	0.0	0.0	1.0	0.0
instance_1572	0.0	0.0	0.0	1.0	0.0
instance_1573	0.0	0.0	0.0	1.0	0.0
instance_1574	0.0	0.0	0.0	1.0	0.0
instance_1575	0.0	0.0	0.0	1.0	0.0
instance_1576	0.0	0.0	0.0	1.0	0.0
instance_1577	0.0	0.0	0.0	1.0	0.0
instance_1578	0.0	0.0	0.0	1.0	0.0
instance_1579	0.0	0.0	0.0	1.0	0.0
instance_1580	0.0	0.0	0.0	1.0	0.0
instance_1581	0.0	0.0	0.0	1.0	0.0
instance_1582	0.0	0.0	0.0	1.0	0.0
instance_1583	0.0	0.0	0.0	1.0	0.0
instance_1584	0.0	0.0	0.0	1.0	0.0
instance_1585	0.0	0.0	0.0	1.0	0.0
instance_1586	0.0	0.0	0.0	1.0	0.0
instance_1587	0.0	0.0	0.0	1.0	0.0
instance_1588	0.0	0.0	0.0	1.0	0.0
instance_1589	0.0	0.0	0.0	1.0	0.0
instance_1590	0.0	0.0	0.0	1.0	0.0
instance_1591	0.0	0.0	0.0	1.0	0.0
instance_1592	0.0	0.0	0.0	1.0	0.0
instance_1593	0.0	0.0	0.0	1.0	0.0
instance_1594	0.0	0.0	0.0	1.0	0.0
instance_1595	0.0	0.0	0.28	0.72	0.0
instance_1596	0.0	0.0	0.0	1.0	0.0
instance_1597	0.0	0.0	0.0	1.0	0.0
instance_1598	0.0	0.0	0.0	1.0	0.0
instance_1599	0.0	0.0	0.0	1.0	0.0
instance_1600	0.0	0.0	0.0	1.0	0.0
instance_1601	0.0	0.0	0.0	1.0	0.0
instance_1602	0.0	0.0	0.0	1.0	0.0
instance_1603	0.0	0.0	0.0	1.0	0.0
instance_1604	0.0	0.0	0.0	1.0	0.0
instance_1605	0.0	0.0	0.0	1.0	0.0
instance_1606	0.0	0.0	0.0	1.0	0.0
instance_1607	0.0	0.0	0.0	1.0	0.0
instance_1608	0.0	0.0	0.0	1.0	0.0
instance_1609	0.0	0.0	0.0	1.0	0.0
instance_1610	0.0	0.0	0.0	1.0	0.0
instance_1611	0.0	0.0	0.0	1.0	0.0
instance_1612	0.0	0.0	0.0	1.0	0.0
instance_1613	0.0	0.0	0.0	1.0	0.0
instance_1614	0.0	0.0	0.0	1.0	0.0
instance_1615	0.0	0.0	0.0	1.0	0.0
instance_1616	0.0	0.0	0.0	1.0	0.0
instance_1617	0.0	0.0	0.0	1.0	0.0
instance_1618	0.0	0.0	0.0	1.0	0.0
instance_1619	0.0	0.0	0.0	1.0	0.0
instance_1620	0.0	0.0	0.0	1.0	0.0
instance_1621	0.0	0.0	0.0	1.0	0.0
instance_1622	0.0	0.0	0.0	1.0	0.0
instance_1623	0.0	0.0	0.0	1.0	0.0
instance_1624	0.0	0.0	0.0	1.0	0.0
instance_1625	0.0	0.0	0.0	1.0	0.0
instance_1626	0.0	0.0	0.0	1.0	0.0
instance_1627	0.0	0.0	0.0	1.0	0.0
instance_1628	0.0	0.0	0.0	1.0	0.0
instance_1629	0.0	0.0	0.0	1.0	0.0
instance_1630	0.0	0.0	0.0	1.0	0.0
instance_1631	0.0	0.0	0.0	1.0	0.0
instance_1632	0.0	0.0	0.0	1.0	0.0
instance_1633	0.0	0.0	0.0	1.0	0.0
instance_1634	0.0	0.0	0.0	1.0	0.0
instance_1635	0.0	0.0	0.0	1.0	0.0
instance_1636	0.0	0.0	0.0	1.0	0.0
instance_1637	0.0	0.0	0.0	1.0	0.0
instance_1638	0.0	0.0	0.0	1.0	0.0
instance_1639	0.0	0.0	0.0	1.0	0.0
instance_1640	0.0	0.0	0.0	1.0	0.0
instance_1641	0.0	0.0	0.0	1.0	0.0
instance_1642	0.0	0.0	0.0	1.0	0.0
instance_1643	0.0	0.0	0.0	1.0	0.0
instance_1644	0.0	0.0	0.0	1.0	0.0
instance_1645	0.0	0.0	0.0	1.0	0.0
instance_1646	0.0	0.0	0.0	1.0	0.0
instance_1647	0.0	0.0	0.0	1.0	0.0
instance_1648	0.0	0.0	0.0	1.0	0.0
instance_1649	0.0	0.0	0.0	1.0	0.0
instance_1650	0.0	0.0	0.0	1.0	0.0
instance_1651	0.0	0.0	0.0	1.0	0.0
instance_1652	0.0	0.0	0.0	1.0	0.0
instance_1653	0.0	0.0	0.0	1.0	0.0
instance_1654	0.0	0.0	0.0	1.0	0.0
instance_1655	0.0	0.0	0.0	1.0	0.0
instance_1656	0.0	0.0	0.0	1.0	0.0
instance_1657	0.0	0.0	0.0	1.0	0.0
instance_1658	0.0	0.0	0.0	1.0	0.0
instance_1659	0.0	0.0	0.0	1.0	0.0
instance_1660	0.0	0.0	0.0	1.0	0.0
instance_1661	0.0	0.0	0.0	1.0	0.0
instance_1662	0.0	0.0	0.0	1.0	0.0
instance_1663	0.0	0.0	0.0	1.0	0.0
instance_1664	0.0	0.0	0.0	1.0	0.0
instance_1665	0.0	0.0	0.0	1.0	0.0
instance_1666	0.0	0.0	0.0	1.0	0.0
instance_1667	0.0	0.0	0.0	1.0	0.0
instance_1668	0.0	0.0	0.0	1.0	0.0
instance_1669	0.0	0.0	0.0	1.0	0.0
instance_1670	0.0	0.0	0.0	1.0	0.0
instance_1671	0.0	0.0	0.0	1.0	0.0
instance_1672	0.0	0.0	0.0	1.0	0.0
instance_1673	0.0	0.0	1.0	0.0	0.0
instance_1674	0.0	0.0	0.0	1.0	0.0
instance_1675	0.0	0.0	0.0	1.0	0.0
instance_1676	0.0	0.0	0.0	1.0	0.0
instance_1677	0.0	0.0	0.0	1.0	0.0
instance_1678	0.0	0.0	0.0	1.0	0.0
instance_1679	0.0	0.0	0.0	1.0	0.0
instance_1680	0.0	0.0	0.0	1.0	0.0
instance_1681	0.0	0.0	0.0	1.0	0.0
instance_1682	0.0	0.0	0.0	1.0	0.0
instance_1683	0.0	0.0	0.0	1.0	0.0
instance_1684	0.0	0.0	0.0	1.0	0.0
instance_1685	0.0	0.0	0.0	1.0	0.0
instance_1686	0.0	0.0	0.0	1.0	0.0
instance_1687	0.0	0.0	0.0	1.0	0.0
instance_1688	0.0	0.0	0.0	1.0	0.0
instance_1689	0.0	0.0	0.0	1.0	0.0
instance_1690	0.0	0.0	0.0	1.0	0.0
instance_1691	0.0	0.0	0.0	1.0	0.0
instance_1692	0.0	0.0	0.0	1.0	0.0
instance_1693	0.0	0.0	0.0	1.0	0.0
instance_1694	0.0	0.0	0.0	1.0	0.0
instance_1695	0.0	0.0	0.0	1.0	0.0
instance_1696	0.0	0.0	0.0	1.0	0.0
instance_1697	0.0	0.0	0.0	1.0	0.0
instance_1698	0.0	0.0	0.0	1.0	0.0
instance_1699	0.0	0.0	0.0	1.0	0.0
instance_1700	0.0	0.0	0.0	1.0	0.0
instance_1701	0.0	0.0	0.0	1.0	0.0
instance_1702	0.0	0.0	0.0	1.0	0.0
instance_1703	0.0	0.0	0.0	1.0	0.0
instance_1704	0.0	0.0	0.0	1.0	0.0
instance_1705	0.0	0.0	0.0	1.0	0.0
instance_1706	0.0	0.0	0.0	1.0	0.0
instance_1707	0.0	0.0	0.0	1.0	0.0
instance_1708	0.0	0.0	0.0	1.0	0.0
instance_1709	0.0	0.0	0.0	1.0	0.0
instance_1710	0.0	0.0	0.0	1.0	0.0
instance_1711	0.0	0.0	0.0	1.0	0.0
instance_1712	0.0	0.0	0.0	1.0	0.0
instance_1713	0.0	0.0	0.0	1.0	0.0
instance_1714	0.0	0.0	0.0	1.0	0.0
instance_1715	0.0	0.0	0.0	1.0	0.0
instance_1716	0.0	0.0	0.0	1.0	0.0
instance_1717	0.0	0.0	0.0	1.0	0.0
instance_1718	0.0	0.0	0.0	1.0	0.0
instance_1719	0.0	0.0	0.0	1.0	0.0
instance_1720	0.0	0.0	0.0	1.0	0.0
instance_1721	0.0	0.0	0.0	1.0	0.0
instance_1722	0.0	0.0	0.0	1.0	0.0
instance_1723	0.0	0.0	0.0	1.0	0.0
instance_1724	0.0	0.0	0.0	1.0	0.0
instance_1725	0.0	0.0	0.0	1.0	0.0
instance_1726	0.0	0.0	0.0	1.0	0.0
instance_1727	0.0	0.0	0.0	1.0	0.0
instance_1728	0.0	0.0	0.0	1.0	0.0
instance_1729	0.0	0.0	0.0	1.0	0.0
instance_1730	0.0	0.0	0.0	1.0	0.0
instance_1731	0.0	0.0	0.0	1.0	0.0
instance_1732	0.0	0.0	0.0	1.0	0.0
instance_1733	0.0	0.0	0.0	1.0	0.0
instance_1734	0.0	0.0	0.0	1.0	0.0
instance_1735	0.0	0.0	0.0	1.0	0.0
instance_1736	0.0	0.0	0.0	1.0	0.0
instance_1737	0.0	0.0	0.0	1.0	0.0
instance_1738	0.0	0.0	0.0	1.0	0.0
instance_1739	0.0	0.0	0.0	1.0	0.0
instance_1740	0.0	0.0	0.0	1.0	0.0
instance_1741	0.0	0.0	0.0	1.0	0.0
instance_1742	0.0	0.0	0.0	1.0	0.0
instance_1743	0.0	0.0	0.0	1.0	0.0
instance_1744	0.0	0.0	0.0	1.0	0.0
instance_1745	0.0	0.0	0.0	1.0	0.0
instance_1746	0.0	0.0	0.0	1.0	0.0
instance_1747	0.0	0.0	0.0	1.0	0.0
instance_1748	0.0	0.0	0.0	1.0	0.0
instance_1749	0.0	0.0	0.0	1.0	0.0
instance_1750	0.0	0.0	0.0	1.0	0.0
instance_1751	0.0	0.0	0.0	1.0	0.0
instance_1752	0.0	0.0	0.0	1.0	0.0
instance_1753	0.0	0.0	0.0	1.0	0.0
instance_1754	0.0	0.0	0.0	1.0	0.0
instance_1755	0.0	0.0	0.0	1.0	0.0
instance_1756	0.0	0.0	0.0	1.0	0.0
instance_1757	0.0	0.0	0.0	1.0	0.0
instance_1758	0.0	0.0	0.0	1.0	0.0
instance_1759	0.0	0.0	0.0	1.0	0.0
instance_1760	0.0	0.0	0.0	1.0	0.0
instance_1761	0.0	0.0	0.0	1.0	0.0
instance_1762	0.0	0.0	0.0	1.0	0.0
instance_1763	0.0	0.0	0.0	1.0	0.0
instance_1764	0.0	0.0	0.0	1.0	0.0
instance_1765	0.0	0.0	0.0	1.0	0.0
instance_1766	0.0	0.0	0.0	1.0	0.0
instance_1767	0.0	0.0	0.0	1.0	0.0
instance_1768	0.0	0.0	0.0	1.0	0.0
instance_1769	0.0	0.0	0.0	1.0	0.0
instance_1770	0.0	0.0	0.0	1.0	0.0
instance_1771	0.0	0.0	0.0	1.0	0.0
instance_1772	0.0	0.0	0.0	1.0	0.0
instance_1773	0.0	0.0	0.0	1.0	0.0
instance_1774	0.0	0.0	0.0	1.0	0.0
instance_1775	0.0	0.0	0.0	1.0	0.0
instance_1776	0.0	0.0	0.0	1.0	0.0
instance_1777	0.0	0.0	0.0	1.0	0.0
instance_1778	0.0	0.0	0.0	1.0	0.0
instance_1779	0.0	0.0	0.0	1.0	0.0
instance_1780	0.0	0.0	0.0	1.0	0.0
instance_1781	0.0	0.0	0.0	1.0	0.0
instance_1782	0.0	0.0	0.0	1.0	0.0
instance_1783	0.0	0.0	0.03	0.97	0.0
instance_1784	0.0	0.0	0.0	1.0	0.0
instance_1785	0.0	0.0	0.0	1.0	0.0
instance_1786	0.0	0.0	0.0	1.0	0.0
instance_1787	0.0	0.0	0.0	1.0	0.0
instance_1788	0.0	0.0	0.0	1.0	0.0
instance_1789	0.0	0.0	0.0	1.0	0.0
instance_1790	0.0	0.0	0.0	1.0	0.0
instance_1791	0.0	0.0	0.0	1.0	0.0
instance_1792	0.0	0.0	0.0	1.0	0.0
instance_1793	0.0	0.0	0.0	1.0	0.0
instance_1794	0.0	0.0	0.0	1.0	0.0
instance_1795	0.0	0.0	0.0	1.0	0.0
instance_1796	0.0	0.0	0.0	1.0	0.0
instance_1797	0.0	0.0	0.0	1.0	0.0
instance_1798	0.0	0.0	0.0	1.0	0.0
instance_1799	0.0	0.0	0.0	1.0	0.0
instance_1800	0.0	0.0	0.0	1.0	0.0
instance_1801	0.0	0.0	0.0	1.0	0.0
instance_1802	0.0	0.0	0.0	1.0	0.0
instance_1803	0.0	0.0	0.0	1.0	0.0
instance_1804	0.0	0.0	0.0	1.0	0.0
instance_1805	0.0	0.0	0.0	1.0	0.0
instance_1806	0.0	0.0	0.0	1.0	0.0
instance_1807	0.0	0.0	0.0	1.0	0.0
instance_1808	0.0	0.0	0.0	1.0	0.0
instance_1809	0.0	0.0	0.0	1.0	0.0
instance_1810	0.0	0.0	0.0	1.0	0.0
instance_1811	0.0	0.0	0.0	1.0	0.0
instance_1812	0.0	0.0	0.0	1.0	0.0
instance_1813	0.0	0.0	0.0	1.0	0.0
instance_1814	0.0	0.0	0.0	1.0	0.0
instance_1815	0.0	0.0	0.0	1.0	0.0
instance_1816	0.0	0.0	0.0	1.0	0.0
instance_1817	0.0	0.0	0.0	1.0	0.0
instance_1818	0.0	0.0	0.0	1.0	0.0
instance_1819	0.0	0.0	0.0	1.0	0.0
instance_1820	0.0	0.0	0.0	1.0	0.0
instance_1821	0.0	0.0	0.0	1.0	0.0
instance_1822	0.0	0.0	0.0	1.0	0.0
instance_1823	0.0	0.0	0.0	1.0	0.0
instance_1824	0.0	0.0	0.0	1.0	0.0
instance_1825	0.0	0.0	0.0	1.0	0.0
instance_1826	0.0	0.0	0.0	1.0	0.0
instance_1827	0.0	0.0	0.0	1.0	0.0
instance_1828	0.0	0.0	0.0	1.0	0.0
instance_1829	0.0	0.0	0.0	1.0	0.0
instance_1830	0.0	0.0	0.0	1.0	0.0
instance_1831	0.0	0.0	0.0	1.0	0.0
instance_1832	0.0	0.0	0.0	1.0	0.0
instance_1833	0.0	0.0	0.0	1.0	0.0
instance_1834	0.0	0.0	0.0	1.0	0.0
instance_1835	0.0	0.0	0.0	1.0	0.0
instance_1836	0.0	0.0	0.0	1.0	0.0
instance_1837	0.0	0.0	0.0	1.0	0.0
instance_1838	0.0	0.0	0.0	1.0	0.0
instance_1839	0.0	0.0	0.0	1.0	0.0
instance_1840	0.0	0.0	0.0	1.0	0.0
instance_1841	0.0	0.0	0.0	1.0	0.0
instance_1842	0.0	0.0	0.0	1.0	0.0
instance_1843	0.0	0.0	0.0	1.0	0.0
instance_1844	0.0	0.0	0.0	1.0	0.0
instance_1845	0.0	0.0	0.0	1.0	0.0
instance_1846	0.0	0.0	0.0	1.0	0.0
instance_1847	0.0	0.0	0.0	1.0	0.0
instance_1848	0.0	0.0	0.0	1.0	0.0
instance_1849	0.0	0.0	0.0	1.0	0.0
instance_1850	0.0	0.0	0.0	1.0	0.0
instance_1851	0.0	0.0	0.0	1.0	0.0
instance_1852	0.0	0.0	0.0	1.0	0.0
instance_1853	0.0	0.0	0.12	0.88	0.0
instance_1854	0.0	0.0	0.0	1.0	0.0
instance_1855	0.0	0.0	0.0	1.0	0.0
instance_1856	0.0	0.0	0.0	1.0	0.0
instance_1857	0.0	0.0	0.0	1.0	0.0
instance_1858	0.0	0.0	0.0	1.0	0.0
instance_1859	0.0	0.0	0.0	1.0	0.0
instance_1860	0.0	0.0	0.0	1.0	0.0
instance_1861	0.0	0.0	0.0	1.0	0.0
instance_1862	0.0	0.0	0.0	1.0	0.0
instance_1863	0.0	0.0	0.0	1.0	0.0
instance_1864	0.0	0.0	0.0	1.0	0.0
instance_1865	0.0	0.0	0.0	1.0	0.0
instance_1866	0.0	0.0	0.0	1.0	0.0
instance_1867	0.0	0.0	0.0	1.0	0.0
instance_1868	0.0	0.0	0.0	1.0	0.0
instance_1869	0.0	0.0	0.0	1.0	0.0
instance_1870	0.0	0.0	0.0	1.0	0.0
instance_1871	0.0	0.0	0.0	1.0	0.0
instance_1872	0.0	0.0	0.0	1.0	0.0
instance_1873	0.0	0.0	0.0	1.0	0.0
instance_1874	0.0	0.0	0.0	1.0	0.0
instance_1875	0.0	0.0	0.0	1.0	0.0
instance_1876	0.0	0.0	0.0	1.0	0.0
instance_1877	0.0	0.0	0.0	1.0	0.0
instance_1878	0.0	0.0	0.0	1.0	0.0
instance_1879	0.0	0.0	0.0	1.0	0.0
instance_1880	0.0	0.0	0.0	1.0	0.0
instance_1881	0.0	0.0	0.0	1.0	0.0
instance_1882	0.0	0.0	0.0	1.0	0.0
instance_1883	0.0	0.0	0.0	1.0	0.0
instance_1884	0.0	0.0	0.0	1.0	0.0
instance_1885	0.0	0.0	0.0	1.0	0.0
instance_1886	0.0	0.0	0.0	1.0	0.0
instance_1887	0.0	0.0	0.0	1.0	0.0
instance_1888	0.0	0.0	0.0	1.0	0.0
instance_1889	0.0	0.0	0.0	1.0	0.0
instance_1890	0.0	0.0	0.0	1.0	0.0
instance_1891	0.0	0.0	0.28	0.72	0.0
instance_1892	0.0	0.0	0.0	1.0	0.0
instance_1893	0.0	0.0	0.0	1.0	0.0
instance_1894	0.0	0.0	0.0	1.0	0.0
instance_1895	0.0	0.0	0.0	1.0	0.0
instance_1896	0.0	0.0	0.0	1.0	0.0
instance_1897	0.0	0.0	0.0	1.0	0.0
instance_1898	0.0	0.0	0.0	1.0	0.0
instance_1899	0.0	0.0	0.0	1.0	0.0
instance_1900	0.0	0.0	0.0	1.0	0.0
instance_1901	0.0	0.0	0.0	1.0	0.0
instance_1902	0.0	0.0	0.0	1.0	0.0
instance_1903	0.0	0.0	0.0	1.0	0.0
instance_1904	0.0	0.0	0.0	1.0	0.0
instance_1905	0.0	0.0	0.0	1.0	0.0
instance_1906	0.0	0.0	0.0	1.0	0.0
instance_1907	0.0	0.0	0.0	1.0	0.0
instance_1908	0.0	0.0	0.0	1.0	0.0
instance_1909	0.0	0.0	0.0	1.0	0.0
instance_1910	0.0	0.0	0.0	1.0	0.0
instance_1911	0.0	0.0	0.0	1.0	0.0
instance_1912	0.0	0.0	0.0	1.0	0.0
instance_1913	0.0	0.0	0.0	1.0	0.0
instance_1914	0.0	0.0	0.0	1.0	0.0
instance_1915	0.0	0.0	0.0	1.0	0.0
instance_1916	0.0	0.0	0.0	1.0	0.0
instance_1917	0.0	0.0	0.0	1.0	0.0
instance_1918	0.0	0.0	0.0	1.0	0.0
instance_1919	0.0	0.0	0.0	1.0	0.0
instance_1920	0.0	0.0	0.0	1.0	0.0
instance_1921	0.0	0.0	0.0	1.0	0.0
instance_1922	0.0	0.0	0.0	1.0	0.0
instance_1923	0.0	0.0	0.0	1.0	0.0
instance_1924	0.0	0.0	0.0	1.0	0.0
instance_1925	0.0	0.0	0.0	1.0	0.0
instance_1926	0.0	0.0	0.0	1.0	0.0
instance_1927	0.0	0.0	0.0	1.0	0.0
instance_1928	0.0	0.0	0.0	1.0	0.0
instance_1929	0.0	0.0	0.0	1.0	0.0
instance_1930	0.0	0.0	0.0	1.0	0.0
instance_1931	0.0	0.0	0.0	1.0	0.0
instance_1932	0.0	0.0	0.0	1.0	0.0
instance_1933	0.0	0.0	0.0	1.0	0.0
instance_1934	0.0	0.0	0.0	1.0	0.0
instance_1935	0.0	0.0	0.0	1.0	0.0
instance_1936	0.0	0.0	0.0	1.0	0.0
instance_1937	0.0	0.0	0.0	1.0	0.0
instance_1938	0.0	0.0	0.0	1.0	0.0
instance_1939	0.0	0.0	0.0	1.0	0.0
instance_1940	0.0	0.0	0.0	1.0	0.0
instance_1941	0.0	0.0	0.0	1.0	0.0
instance_1942	0.0	0.0	0.0	1.0	0.0
instance_1943	0.0	0.0	0.0	1.0	0.0
instance_1944	0.0	0.0	0.0	1.0	0.0
instance_1945	0.0	0.0	0.0	1.0	0.0
instance_1946	0.0	0.0	0.0	1.0	0.0
instance_1947	0.0	0.0	0.0	1.0	0.0
instance_1948	0.0	0.0	0.0	1.0	0.0
instance_1949	0.0	0.0	0.0	1.0	0.0
instance_1950	0.0	0.0	0.0	1.0	0.0
instance_1951	0.0	0.0	0.0	1.0	0.0
instance_1952	0.0	0.0	0.0	1.0	0.0
instance_1953	0.0	0.0	0.0	1.0	0.0
instance_1954	0.0	0.0	0.0	1.0	0.0
instance_1955	0.0	0.0	0.0	1.0	0.0
instance_1956	0.0	0.0	0.0	1.0	0.0
instance_1957	0.0	0.0	0.0	1.0	0.0
instance_1958	0.0	0.0	0.0	1.0	0.0
instance_1959	0.0	0.0	0.0	1.0	0.0
instance_1960	0.0	0.0	0.0	1.0	0.0
instance_1961	0.0	0.0	0.0	1.0	0.0
instance_1962	0.0	0.0	0.0	1.0	0.0
instance_1963	0.0	0.0	0.0	1.0	0.0
instance_1964	0.0	0.0	0.0	1.0	0.0
instance_1965	0.0	0.0	0.0	1.0	0.0
instance_1966	0.0	0.0	0.0	1.0	0.0
instance_1967	0.0	0.0	0.0	1.0	0.0
instance_1968	0.0	0.0	0.0	1.0	0.0
instance_1969	0.0	0.0	0.0	1.0	0.0
instance_1970	0.0	0.0	0.0	1.0	0.0
instance_1971	0.0	0.0	0.0	1.0	0.0
instance_1972	0.0	0.0	0.0	1.0	0.0
instance_1973	0.0	0.0	0.0	1.0	0.0
instance_1974	0.0	0.0	0.0	1.0	0.0
instance_1975	0.0	0.0	0.0	1.0	0.0
instance_1976	0.0	0.0	0.0	1.0	0.0
instance_1977	0.0	0.0	0.0	1.0	0.0
instance_1978	0.0	0.0	0.0	1.0	0.0
instance_1979	0.0	0.0	0.0	1.0	0.0
instance_1980	0.0	0.0	0.0	1.0	0.0
instance_1981	0.0	0.0	0.0	1.0	0.0
instance_1982	0.0	0.0	0.0	1.0	0.0
instance_1983	0.0	0.0	0.0	1.0	0.0
instance_1984	0.0	0.0	0.0	1.0	0.0
instance_1985	0.0	0.0	0.0	1.0	0.0
instance_1986	0.0	0.0	0.0	1.0	0.0
instance_1987	0.0	0.0	0.0	1.0	0.0
instance_1988	0.0	0.0	0.0	1.0	0.0
instance_1989	0.0	0.0	0.0	1.0	0.0
instance_1990	0.0	0.0	0.0	1.0	0.0
instance_1991	0.0	0.0	0.0	1.0	0.0
instance_1992	0.0	0.0	0.0	1.0	0.0
instance_1993	0.0	0.0	0.0	1.0	0.0
instance_1994	0.0	0.0	0.0	1.0	0.0
instance_1995	0.0	0.0	0.0	1.0	0.0
instance_1996	0.0	0.0	0.0	1.0	0.0
instance_1997	0.0	0.0	0.0	1.0	0.0
instance_1998	0.0	0.0	0.0	1.0	0.0
instance_1999	0.0	0.0	0.0	1.0	0.0
instance_2000	0.0	0.0	0.0	1.0	0.0
instance_2001	0.0	0.0	0.0	0.0	1.0
instance_2002	0.0	0.0	0.0	0.0	1.0
instance_2003	0.0	0.0	0.0	0.0	1.0
instance_2004	0.0	0.0	0.0	0.0	1.0
instance_2005	0.0	0.0	0.0	0.0	1.0
instance_2006	0.0	0.0	0.0	0.0	1.0
instance_2007	0.0	0.0	0.0	0.0	1.0
instance_2008	0.0	0.0	0.0	0.0	1.0
instance_2009	0.0	0.0	0.0	0.0	1.0
instance_2010	0.0	0.0	0.0	0.0	1.0
instance_2011	0.0	0.0	0.0	0.0	1.0
instance_2012	0.0	0.0	0.0	0.0	1.0
instance_2013	0.0	0.0	0.0	0.0	1.0
instance_2014	0.0	0.0	0.0	0.0	1.0
instance_2015	0.0	0.0	0.0	0.0	1.0
instance_2016	0.0	0.0	0.0	0.0	1.0
instance_2017	0.0	0.0	0.0	0.0	1.0
instance_2018	0.0	0.0	0.0	0.0	1.0
instance_2019	0.0	0.0	0.0	0.0	1.0
instance_2020	0.0	0.0	0.0	0.0	1.0
instance_2021	0.0	0.0	0.0	0.0	1.0
instance_2022	0.0	0.0	0.0	0.0	1.0
instance_2023	0.0	0.0	0.0	0.0	1.0
instance_2024	0.0	0.0	0.0	0.0	1.0
instance_2025	0.0	0.0	0.0	0.0	1.0
instance_2026	0.0	0.0	0.0	0.0	1.0
instance_2027	0.0	0.0	0.0	0.0	1.0
instance_2028	0.0	0.0	0.0	0.0	1.0
instance_2029	0.0	0.0	0.0	0.0	1.0
instance_2030	0.0	0.0	0.0	0.0	1.0
instance_2031	0.0	0.0	0.0	0.0	1.0
instance_2032	0.0	0.0	0.0	0.0	1.0
instance_2033	0.0	0.0	0.0	0.0	1.0
instance_2034	0.0	0.0	0.0	0.0	1.0
instance_2035	0.0	0.0	0.0	0.0	1.0
instance_2036	0.0	0.0	0.0	0.0	1.0
instance_2037	0.0	0.0	0.0	0.0	1.0
instance_2038	0.0	0.0	0.0	0.0	1.0
instance_2039	0.0	0.0	0.0	0.0	1.0
instance_2040	0.0	0.0	0.0	0.0	1.0
instance_2041	0.0	0.0	0.0	0.0	1.0
instance_2042	0.0	0.0	0.0	0.0	1.0
instance_2043	0.0	0.0	0.0	0.0	1.0
instance_2044	0.0	0.0	0.0	0.0	1.0
instance_2045	0.0	0.0	0.0	0.0	1.0
instance_2046	0.0	0.0	0.0	0.0	1.0
instance_2047	0.0	0.0	0.0	0.0	1.0
instance_2048	0.0	0.0	0.0	0.0	1.0
instance_2049	0.0	0.0	0.0	0.0	1.0
instance_2050	0.0	0.0	0.0	0.0	1.0
instance_2051	0.0	0.0	0.0	0.0	1.0
instance_2052	0.0	0.0	0.0	0.0	1.0
instance_2053	0.0	0.0	0.0	0.0	1.0
instance_2054	0.0	0.0	0.0	0.0	1.0
instance_2055	0.0	0.0	0.0	0.0	1.0
instance_2056	0.0	0.0	0.0	0.0	1.0
instance_2057	0.0	0.0	0.0	0.0	1.0
instance_2058	0.0	0.0	0.0	0.0	1.0
instance_2059	0.0	0.0	0.0	0.0	1.0
instance_2060	0.0	0.0	0.0	0.0	1.0
instance_2061	0.0	0.0	0.0	0.0	1.0
instance_2062	0.0	0.0	0.0	0.0	1.0
instance_2063	0.0	0.0	0.0	0.0	1.0
instance_2064	0.0	0.0	0.0	0.0	1.0
instance_2065	0.0	0.0	0.0	0.0	1.0
instance_2066	0.0	0.0	0.0	0.0	1.0
instance_2067	0.0	0.0	0.0	0.0	1.0
instance_2068	0.0	0.0	0.0	0.0	1.0
instance_2069	0.0	0.0	0.0	0.0	1.0
instance_2070	0.0	0.0	0.0	0.0	1.0
instance_2071	0.0	0.0	0.0	0.0	1.0
instance_2072	0.0	0.0	0.0	0.0	1.0
instance_2073	0.0	0.0	0.0	0.0	1.0
instance_2074	0.0	0.0	0.0	0.0	1.0
instance_2075	0.0	0.0	0.0	0.0	1.0
instance_2076	0.0	0.0	0.0	0.0	1.0
instance_2077	0.0	0.0	0.0	0.0	1.0
instance_2078	0.0	0.0	0.0	0.0	1.0
instance_2079	0.0	0.0	0.0	0.0	1.0
instance_2080	0.0	0.0	0.0	0.0	1.0
instance_2081	0.0	0.0	0.0	0.0	1.0
instance_2082	0.0	0.0	0.0	0.0	1.0
instance_2083	0.0	0.0	0.0	0.0	1.0
instance_2084	0.0	0.0	0.0	0.0	1.0
instance_2085	0.0	0.0	0.0	0.0	1.0
instance_2086	0.0	0.0	0.0	0.0	1.0
instance_2087	0.0	0.0	0.0	0.0	1.0
instance_2088	0.0	0.0	0.0	0.0	1.0
instance_2089	0.0	0.0	0.0	0.0	1.0
instance_2090	0.0	0.0	0.0	0.0	1.0
instance_2091	0.0	0.0	0.0	0.0	1.0
instance_2092	0.0	0.0	0.0	0.0	1.0
instance_2093	0.0	0.0	0.0	0.0	1.0
instance_2094	0.0	0.0	0.0	0.0	1.0
instance_2095	0.0	0.0	0.0	0.0	1.0
instance_2096	0.0	0.0	0.0	0.0	1.0
instance_2097	0.0	0.0	0.0	0.0	1.0
instance_2098	0.0	0.0	0.0	0.0	1.0
instance_2099	0.0	0.0	0.0	0.0	1.0
instance_2100	0.0	0.0	0.0	0.0	1.0
instance_2101	0.0	0.0	0.0	0.0	1.0
instance_2102	0.0	0.0	0.0	0.0	1.0
instance_2103	0.0	0.0	0.0	0.0	1.0
instance_2104	0.0	0.0	0.0	0.0	1.0
instance_2105	0.0	0.0	0.0	0.0	1.0
instance_2106	0.0	0.0	0.0	0.0	1.0
instance_2107	0.0	0.0	0.0	0.0	1.0
instance_2108	0.0	0.0	0.0	0.0	1.0
instance_2109	0.0	0.0	0.0	0.0	1.0
instance_2110	0.0	0.0	0.0	0.0	1.0
instance_2111	0.0	0.0	0.0	0.0	1.0
instance_2112	0.0	0.0	0.0	0.0	1.0
instance_2113	0.0	0.0	0.0	0.0	1.0
instance_2114	0.0	0.0	0.0	0.0	1.0
instance_2115	0.0	0.0	0.0	0.0	1.0
instance_2116	0.0	0.0	0.0	0.0	1.0
instance_2117	0.0	0.0	0.0	0.0	1.0
instance_2118	0.0	0.0	0.0	0.0	1.0
instance_2119	0.0	0.0	0.0	0.0	1.0
instance_2120	0.0	0.0	0.0	0.0	1.0
instance_2121	0.0	0.0	0.0	0.0	1.0
instance_2122	0.0	0.0	0.0	0.0	1.0
instance_2123	0.0	0.0	0.0	0.0	1.0
instance_2124	0.0	0.0	0.0	0.0	1.0
instance_2125	0.0	0.0	0.0	0.0	1.0
instance_2126	0.0	0.0	0.0	0.0	1.0
instance_2127	0.0	0.0	0.0	0.0	1.0
instance_2128	0.0	0.0	0.0	0.0	1.0
instance_2129	0.0	0.0	0.0	0.0	1.0
instance_2130	0.0	0.0	0.0	0.0	1.0
instance_2131	0.0	0.0	0.0	0.0	1.0
instance_2132	0.0	0.0	0.0	0.0	1.0
instance_2133	0.0	0.0	0.0	0.0	1.0
instance_2134	0.0	0.0	0.0	0.0	1.0
instance_2135	0.0	0.0	0.0	0.0	1.0
instance_2136	0.0	0.0	0.0	0.0	1.0
instance_2137	0.0	0.0	0.0	0.0	1.0
instance_2138	0.0	0.0	0.0	0.0	1.0
instance_2139	0.0	0.0	0.0	0.0	1.0
instance_2140	0.0	0.0	0.0	0.0	1.0
instance_2141	0.0	0.0	0.0	0.0	1.0
instance_2142	0.0	0.0	0.0	0.0	1.0
instance_2143	0.0	0.0	0.0	0.0	1.0
instance_2144	0.0	0.0	0.0	0.0	1.0
instance_2145	0.0	0.0	0.0	0.0	1.0
instance_2146	0.0	0.0	0.0	0.0	1.0
instance_2147	0.0	0.0	0.0	0.0	1.0
instance_2148	0.0	0.0	0.0	0.0	1.0
instance_2149	0.0	0.0	0.0	0.0	1.0
instance_2150	0.0	0.0	0.0	0.0	1.0
instance_2151	0.0	0.0	0.0	0.0	1.0
instance_2152	0.0	0.0	0.0	0.0	1.0
instance_2153	0.0	0.0	0.0	0.0	1.0
instance_2154	0.0	1.0	0.0	0.0	0.0
instance_2155	0.0	0.0	0.0	0.0	1.0
instance_2156	0.0	0.0	0.0	0.0	1.0
instance_2157	0.0	0.0	0.0	0.0	1.0
instance_2158	0.0	0.0	0.0	0.0	1.0
instance_2159	0.0	0.0	0.0	0.0	1.0
instance_2160	0.0	0.0	0.0	0.0	1.0
instance_2161	0.0	0.0	0.0	0.0	1.0
instance_2162	0.0	0.0	0.0	0.0	1.0
instance_2163	0.0	0.0	0.0	0.0	1.0
instance_2164	0.0	0.0	0.0	0.0	1.0
instance_2165	0.0	0.0	0.0	0.0	1.0
instance_2166	0.0	0.0	0.0	0.0	1.0
instance_2167	0.0	0.0	0.0	0.0	1.0
instance_2168	0.0	0.0	0.0	0.0	1.0
instance_2169	0.0	0.0	0.0	0.0	1.0
instance_2170	0.0	0.0	0.0	0.0	1.0
instance_2171	0.0	0.0	0.0	0.0	1.0
instance_2172	0.0	0.0	0.0	0.0	1.0
instance_2173	0.0	0.0	0.0	0.0	1.0
instance_2174	0.0	0.0	0.0	0.0	1.0
instance_2175	0.0	0.0	0.0	0.0	1.0
instance_2176	0.0	0.0	0.0	0.0	1.0
instance_2177	0.0	0.0	0.0	0.0	1.0
instance_2178	0.0	0.0	0.0	0.0	1.0
instance_2179	0.0	0.0	0.0	0.0	1.0
instance_2180	0.0	0.0	0.0	0.0	1.0
instance_2181	0.0	0.0	0.0	0.0	1.0
instance_2182	0.0	0.0	0.0	0.0	1.0
instance_2183	0.0	0.0	0.0	0.0	1.0
instance_2184	0.0	0.0	0.0	0.0	1.0
instance_2185	0.0	0.0	0.0	0.0	1.0
instance_2186	0.0	0.0	0.0	0.0	1.0
instance_2187	0.0	0.0	0.0	0.0	1.0
instance_2188	0.0	0.0	0.0	0.0	1.0
instance_2189	0.0	0.0	0.0	0.0	1.0
instance_2190	0.0	0.0	0.0	0.0	1.0
instance_2191	0.0	0.0	0.0	0.0	1.0
instance_2192	0.0	0.0	0.0	0.0	1.0
instance_2193	0.0	0.0	0.0	0.0	1.0
instance_2194	0.0	0.0	0.0	0.0	1.0
instance_2195	0.0	0.0	0.0	0.0	1.0
instance_2196	0.0	0.0	0.0	0.0	1.0
instance_2197	0.0	0.0	0.0	0.0	1.0
instance_2198	0.0	0.0	0.0	0.0	1.0
instance_2199	0.0	0.0	0.0	0.0	1.0
instance_2200	0.0	0.0	0.0	0.0	1.0
instance_2201	0.0	0.0	0.0	0.0	1.0
instance_2202	0.0	0.0	0.0	0.0	1.0
instance_2203	0.0	0.0	0.0	0.0	1.0
instance_2204	0.0	0.0	0.0	0.0	1.0
instance_2205	0.0	0.0	0.0	0.0	1.0
instance_2206	0.0	0.0	0.0	0.0	1.0
instance_2207	0.0	0.0	0.0	0.0	1.0
instance_2208	0.0	0.0	0.0	0.0	1.0
instance_2209	0.0	0.0	0.0	0.0	1.0
instance_2210	0.0	0.0	0.0	0.0	1.0
instance_2211	0.0	0.0	0.0	0.0	1.0
instance_2212	0.0	0.0	0.0	0.0	1.0
instance_2213	0.0	0.0	0.0	0.0	1.0
instance_2214	0.0	0.0	0.0	0.0	1.0
instance_2215	0.0	0.0	0.0	0.0	1.0
instance_2216	0.0	0.0	0.0	0.0	1.0
instance_2217	0.0	0.0	0.0	0.0	1.0
instance_2218	0.0	0.0	0.0	0.0	1.0
instance_2219	0.0	0.0	0.0	0.0	1.0
instance_2220	0.0	0.0	0.0	0.0	1.0
instance_2221	0.0	0.0	0.0	0.0	1.0
instance_2222	0.0	0.0	0.0	0.0	1.0
instance_2223	0.0	0.0	0.0	0.0	1.0
instance_2224	0.0	0.0	0.0	0.0	1.0
instance_2225	0.0	0.0	0.0	0.0	1.0
instance_2226	0.0	0.0	0.0	0.0	1.0
instance_2227	0.0	0.0	0.0	0.0	1.0
instance_2228	0.0	0.0	0.0	0.0	1.0
instance_2229	0.0	0.0	0.0	0.0	1.0
instance_2230	0.0	0.0	0.0	0.0	1.0
instance_2231	0.0	0.0	0.0	0.0	1.0
instance_2232	0.0	0.0	0.0	0.0	1.0
instance_2233	0.0	0.0	0.0	0.0	1.0
instance_2234	0.0	0.0	0.0	0.0	1.0
instance_2235	0.0	0.0	0.0	0.0	1.0
instance_2236	0.0	0.0	0.0	0.0	1.0
instance_2237	0.0	0.0	0.0	0.0	1.0
instance_2238	0.0	0.0	0.0	0.0	1.0
instance_2239	0.0	0.0	0.0	0.0	1.0
instance_2240	0.0	0.0	0.0	0.0	1.0
instance_2241	0.0	0.0	0.0	0.0	1.0
instance_2242	0.0	0.0	0.0	0.0	1.0
instance_2243	0.0	0.0	0.0	0.0	1.0
instance_2244	0.0	0.0	0.0	0.0	1.0
instance_2245	0.0	0.0	0.0	0.0	1.0
instance_2246	0.0	0.0	0.0	0.0	1.0
instance_2247	0.0	0.0	0.0	0.0	1.0
instance_2248	0.0	0.0	0.0	0.0	1.0
instance_2249	0.0	0.0	0.0	0.0	1.0
instance_2250	0.0	0.0	0.0	0.0	1.0
instance_2251	0.0	0.0	0.0	0.0	1.0
instance_2252	0.0	0.0	0.0	0.0	1.0
instance_2253	0.0	0.0	0.0	0.0	1.0
instance_2254	0.0	0.0	0.0	0.0	1.0
instance_2255	0.0	0.0	0.0	0.0	1.0
instance_2256	0.0	0.0	0.0	0.0	1.0
instance_2257	0.0	0.0	0.0	0.0	1.0
instance_2258	0.0	0.0	0.0	0.0	1.0
instance_2259	0.0	0.0	0.0	0.0	1.0
instance_2260	0.0	0.0	0.0	0.0	1.0
instance_2261	0.0	0.0	0.0	0.0	1.0
instance_2262	0.0	0.0	0.0	0.0	1.0
instance_2263	0.0	0.0	0.0	0.0	1.0
instance_2264	0.0	0.0	0.0	0.0	1.0
instance_2265	0.0	0.0	0.0	0.0	1.0
instance_2266	0.0	0.0	0.0	0.0	1.0
instance_2267	0.0	0.0	0.0	0.0	1.0
instance_2268	0.0	0.0	0.0	0.0	1.0
instance_2269	0.0	0.0	0.0	0.0	1.0
instance_2270	0.0	0.0	0.0	0.0	1.0
instance_2271	0.0	0.0	0.0	0.0	1.0
instance_2272	0.0	0.0	0.0	0.0	1.0
instance_2273	0.0	0.0	0.0	0.0	1.0
instance_2274	0.0	0.0	0.0	0.0	1.0
instance_2275	0.0	0.0	0.0	0.0	1.0
instance_2276	0.0	0.0	0.0	0.0	1.0
instance_2277	0.0	0.0	0.0	0.0	1.0
instance_2278	0.0	0.0	0.0	0.0	1.0
instance_2279	0.0	0.0	0.0	0.0	1.0
instance_2280	0.0	0.0	0.0	0.0	1.0
instance_2281	0.0	0.0	0.0	0.0	1.0
instance_2282	0.0	0.0	0.0	0.0	1.0
instance_2283	0.0	0.0	0.0	0.0	1.0
instance_2284	0.0	0.0	0.0	0.0	1.0
instance_2285	0.0	0.0	0.0	0.0	1.0
instance_2286	0.0	0.0	0.0	0.0	1.0
instance_2287	0.0	0.0	0.0	0.0	1.0
instance_2288	0.0	0.0	0.0	0.0	1.0
instance_2289	0.0	0.0	0.0	0.0	1.0
instance_2290	0.0	0.0	0.0	0.0	1.0
instance_2291	0.0	0.0	0.0	0.0	1.0
instance_2292	0.0	0.0	0.0	0.0	1.0
instance_2293	0.0	0.0	0.0	0.0	1.0
instance_2294	0.0	0.0	0.0	0.0	1.0
instance_2295	0.0	0.0	0.0	0.0	1.0
instance_2296	0.0	0.0	0.0	0.0	1.0
instance_2297	0.0	0.0	0.0	0.0	1.0
instance_2298	0.0	0.0	0.0	0.0	1.0
instance_2299	0.0	0.0	0.0	0.0	1.0
instance_2300	0.0	0.0	0.0	0.0	1.0
instance_2301	0.0	0.0	0.0	0.0	1.0
instance_2302	0.0	0.0	0.0	0.0	1.0
instance_2303	0.0	0.0	0.0	0.0	1.0
instance_2304	0.0	0.0	0.0	0.0	1.0
instance_2305	0.0	0.0	0.0	0.0	1.0
instance_2306	0.0	0.0	0.0	0.0	1.0
instance_2307	0.0	0.0	0.0	0.0	1.0
instance_2308	0.0	0.0	0.0	0.0	1.0
instance_2309	0.0	0.0	0.0	0.0	1.0
instance_2310	0.0	0.0	0.0	0.0	1.0
instance_2311	0.0	0.0	0.0	0.0	1.0
instance_2312	0.0	0.0	0.0	0.0	1.0
instance_2313	0.0	0.0	0.0	0.0	1.0
instance_2314	0.0	0.0	0.0	0.0	1.0
instance_2315	0.0	0.0	0.0	0.0	1.0
instance_2316	0.0	0.0	0.0	0.0	1.0
instance_2317	0.0	0.0	0.0	0.0	1.0
instance_2318	0.0	0.0	0.0	0.0	1.0
instance_2319	0.0	0.0	0.0	0.0	1.0
instance_2320	0.0	0.0	0.0	0.0	1.0
instance_2321	0.0	0.0	0.0	0.0	1.0
instance_2322	0.0	0.0	0.0	0.0	1.0
instance_2323	0.0	0.0	0.0	0.0	1.0
instance_2324	0.0	0.0	0.0	0.0	1.0
instance_2325	0.0	0.0	0.0	0.0	1.0
instance_2326	0.0	0.0	0.0	0.0	1.0
instance_2327	0.0	0.0	0.0	0.0	1.0
instance_2328	0.0	0.0	0.0	0.0	1.0
instance_2329	0.0	0.0	0.0	0.0	1.0
instance_2330	0.0	0.0	0.0	0.0	1.0
instance_2331	0.0	0.0	0.0	0.0	1.0
instance_2332	0.0	0.0	0.0	0.0	1.0
instance_2333	0.0	0.0	0.0	0.0	1.0
instance_2334	0.0	0.0	0.0	0.0	1.0
instance_2335	0.0	0.0	0.0	0.0	1.0
instance_2336	0.0	0.0	0.0	0.0	1.0
instance_2337	0.0	0.0	0.0	0.0	1.0
instance_2338	0.0	0.0	0.0	0.0	1.0
instance_2339	0.0	0.0	0.0	0.0	1.0
instance_2340	0.0	0.0	0.0	0.0	1.0
instance_2341	0.0	0.0	0.0	0.0	1.0
instance_2342	0.0	0.0	0.0	0.0	1.0
instance_2343	0.0	0.0	0.0	0.0	1.0
instance_2344	0.0	0.0	0.0	0.0	1.0
instance_2345	0.0	0.0	0.0	0.0	1.0
instance_2346	0.0	0.0	0.0	0.0	1.0
instance_2347	0.0	0.0	0.0	0.0	1.0
instance_2348	0.0	0.0	0.0	0.0	1.0
instance_2349	0.0	0.0	0.0	0.0	1.0
instance_2350	0.0	0.0	0.0	0.0	1.0
instance_2351	0.0	0.0	0.0	0.0	1.0
instance_2352	0.0	0.0	0.0	0.0	1.0
instance_2353	0.0	0.0	0.0	0.0	1.0
instance_2354	0.0	0.0	0.0	0.0	1.0
instance_2355	0.0	0.0	0.0	0.0	1.0
instance_2356	0.0	0.0	0.0	0.0	1.0
instance_2357	0.0	0.0	0.0	0.0	1.0
instance_2358	0.0	0.0	0.0	0.0	1.0
instance_2359	0.0	0.0	0.0	0.0	1.0
instance_2360	0.0	0.0	0.0	0.0	1.0
instance_2361	0.0	0.0	0.0	0.0	1.0
instance_2362	0.0	0.0	0.0	0.0	1.0
instance_2363	0.0	0.0	0.0	0.0	1.0
instance_2364	0.0	0.0	0.0	0.0	1.0
instance_2365	0.0	0.0	0.0	0.0	1.0
instance_2366	0.0	0.0	0.0	0.0	1.0
instance_2367	0.0	0.0	0.0	0.0	1.0
instance_2368	0.0	0.0	0.0	0.0	1.0
instance_2369	0.0	0.0	0.0	0.0	1.0
instance_2370	0.0	0.0	0.0	0.0	1.0
instance_2371	0.0	0.0	0.0	0.0	1.0
instance_2372	0.0	0.0	0.0	0.0	1.0
instance_2373	0.0	0.0	0.0	0.0	1.0
instance_2374	0.0	0.0	0.0	0.0	1.0
instance_2375	0.0	0.0	0.0	0.0	1.0
instance_2376	0.0	0.0	0.0	0.0	1.0
instance_2377	0.0	0.0	0.0	0.0	1.0
instance_2378	0.0	0.0	0.0	0.0	1.0
instance_2379	0.0	0.0	0.0	0.0	1.0
instance_2380	0.0	0.0	0.0	0.0	1.0
instance_2381	0.0	0.0	0.0	0.0	1.0
instance_2382	0.0	0.0	0.0	0.0	1.0
instance_2383	0.0	0.0	0.0	0.0	1.0
instance_2384	0.0	0.0	0.0	0.0	1.0
instance_2385	0.0	0.0	0.0	0.0	1.0
instance_2386	0.0	0.0	0.0	0.0	1.0
instance_2387	0.0	0.0	0.0	0.0	1.0
instance_2388	0.0	0.0	0.0	0.0	1.0
instance_2389	0.0	0.0	0.0	0.0	1.0
instance_2390	0.0	0.0	0.0	0.0	1.0
instance_2391	0.0	0.0	0.0	0.0	1.0
instance_2392	0.0	0.0	0.0	0.0	1.0
instance_2393	0.0	0.0	0.0	0.0	1.0
instance_2394	0.0	0.0	0.0	0.0	1.0
instance_2395	0.0	0.0	0.0	0.0	1.0
instance_2396	0.0	0.0	0.0	0.0	1.0
instance_2397	0.0	0.0	0.0	0.0	1.0
instance_2398	0.0	0.0	0.0	0.0	1.0
instance_2399	0.0	0.0	0.0	0.0	1.0
instance_2400	0.0	0.0	0.0	0.0	1.0
instance_2401	0.0	0.0	0.0	0.0	1.0
instance_2402	0.0	0.0	0.0	0.0	1.0
instance_2403	0.0	0.0	0.0	0.0	1.0
instance_2404	0.0	0.0	0.0	0.0	1.0
instance_2405	0.0	0.0	0.0	0.0	1.0
instance_2406	0.0	0.0	0.0	0.0	1.0
instance_2407	0.0	0.0	0.0	0.0	1.0
instance_2408	0.0	0.0	0.0	0.0	1.0
instance_2409	0.0	0.0	0.0	0.0	1.0
instance_2410	0.0	0.0	0.0	0.0	1.0
instance_2411	0.0	0.0	0.0	0.0	1.0
instance_2412	0.0	0.0	0.0	0.0	1.0
instance_2413	0.0	0.0	0.0	0.0	1.0
instance_2414	0.0	0.0	0.0	0.0	1.0
instance_2415	0.0	0.0	0.0	0.0	1.0
instance_2416	0.0	0.0	0.0	0.0	1.0
instance_2417	0.0	0.0	0.0	0.0	1.0
instance_2418	0.06	0.0	0.0	0.0	0.94
instance_2419	0.0	0.0	0.0	0.0	1.0
instance_2420	0.0	0.0	0.0	0.0	1.0
instance_2421	0.0	0.0	0.0	0.0	1.0
instance_2422	0.0	0.0	0.0	0.0	1.0
instance_2423	0.0	0.0	0.0	0.0	1.0
instance_2424	0.0	0.0	0.0	0.0	1.0
instance_2425	0.0	0.0	0.0	0.0	1.0
instance_2426	0.0	0.0	0.0	0.0	1.0
instance_2427	0.0	0.0	0.0	0.0	1.0
instance_2428	0.0	0.0	0.0	0.0	1.0
instance_2429	0.0	0.0	0.0	0.0	1.0
instance_2430	0.0	0.0	0.0	0.0	1.0
instance_2431	0.0	0.0	0.0	0.0	1.0
instance_2432	0.0	0.0	0.0	0.0	1.0
instance_2433	0.0	0.0	0.0	0.0	1.0
instance_2434	0.0	0.0	0.0	0.0	1.0
instance_2435	0.0	0.0	0.0	0.0	1.0
instance_2436	0.0	0.0	0.0	0.0	1.0
instance_2437	0.0	0.0	0.0	0.0	1.0
instance_2438	0.0	0.0	0.0	0.0	1.0
instance_2439	0.0	0.0	0.0	0.0	1.0
instance_2440	0.0	0.0	0.0	0.0	1.0
instance_2441	0.0	0.0	0.0	0.0	1.0
instance_2442	0.0	0.0	0.0	0.0	1.0
instance_2443	0.0	0.0	0.0	0.0	1.0
instance_2444	0.0	0.0	0.0	0.0	1.0
instance_2445	0.0	0.0	0.0	0.0	1.0
instance_2446	0.0	0.0	0.0	0.0	1.0
instance_2447	0.0	0.0	0.0	0.0	1.0
instance_2448	0.0	0.0	0.0	0.0	1.0
instance_2449	0.0	0.0	0.0	0.0	1.0
instance_2450	0.0	0.0	0.0	0.0	1.0
instance_2451	0.0	0.0	0.0	0.0	1.0
instance_2452	0.0	0.0	0.0	0.0	1.0
instance_2453	0.0	0.0	0.0	0.0	1.0
instance_2454	0.0	0.0	0.0	0.0	1.0
instance_2455	0.0	0.0	0.0	0.0	1.0
instance_2456	0.0	0.0	0.0	0.0	1.0
instance_2457	0.0	0.0	0.0	0.0	1.0
instance_2458	0.0	0.0	0.0	0.0	1.0
instance_2459	0.0	0.0	0.0	0.0	1.0
instance_2460	0.0	0.0	0.0	0.0	1.0
instance_2461	0.0	0.0	0.0	0.0	1.0
instance_2462	0.0	0.0	0.0	0.0	1.0
instance_2463	0.0	0.0	0.0	0.0	1.0
instance_2464	0.0	0.0	0.0	0.0	1.0
instance_2465	0.0	0.0	0.0	0.0	1.0
instance_2466	0.0	0.0	0.0	0.0	1.0
instance_2467	0.0	0.0	0.0	0.0	1.0
instance_2468	0.0	0.0	0.0	0.0	1.0
instance_2469	0.0	0.0	0.0	0.0	1.0
instance_2470	0.0	0.0	0.0	0.0	1.0
instance_2471	0.0	0.0	0.0	0.0	1.0
instance_2472	0.0	0.0	0.0	0.0	1.0
instance_2473	0.0	0.0	0.0	0.0	1.0
instance_2474	0.0	0.0	0.0	0.0	1.0
instance_2475	0.0	0.0	0.0	0.0	1.0
instance_2476	0.0	0.0	0.0	0.0	1.0
instance_2477	0.0	0.0	0.0	0.0	1.0
instance_2478	0.0	0.0	0.0	0.0	1.0
instance_2479	0.0	0.0	0.0	0.0	1.0
instance_2480	0.0	0.0	0.0	0.0	1.0
instance_2481	0.0	0.0	0.0	0.0	1.0
instance_2482	0.0	0.0	0.0	0.0	1.0
instance_2483	0.0	0.0	0.0	0.0	1.0
instance_2484	0.0	0.0	0.0	0.0	1.0
instance_2485	0.0	0.0	0.0	0.0	1.0
instance_2486	0.0	0.0	0.0	0.0	1.0
instance_2487	0.0	0.0	0.0	0.0	1.0
instance_2488	0.0	0.0	0.0	0.0	1.0
instance_2489	0.0	0.0	0.0	0.0	1.0
instance_2490	0.0	0.0	0.0	0.0	1.0
instance_2491	0.0	0.0	0.0	0.0	1.0
instance_2492	0.06	0.0	0.0	0.0	0.94
instance_2493	0.0	0.0	0.0	0.0	1.0
instance_2494	0.0	0.0	0.0	0.0	1.0
instance_2495	0.0	0.0	0.0	0.0	1.0
instance_2496	0.0	0.0	0.0	0.0	1.0
instance_2497	0.0	0.0	0.0	0.0	1.0
instance_2498	0.0	0.0	0.0	0.0	1.0
instance_2499	0.0	0.0	0.0	0.0	1.0
instance_2500	0.0	0.0	0.0	0.0	1.0
