0.001 0.970 0.005 0.005 0.020
0.006 0.005 0.000 0.000 0.989
0.000 0.003 0.008 0.989 0.000
0.008 0.010 0.968 0.011 0.003
0.008 0.004 0.000 0.000 0.988
0.002 0.000 0.992 0.006 0.000
0.011 0.029 0.934 0.021 0.005
0.000 0.003 0.006 0.992 0.000
0.000 0.008 0.008 0.985 0.000
0.000 0.008 0.005 0.986 0.000
0.003 0.896 0.042 0.048 0.011
0.003 0.000 0.994 0.003 0.000
0.015 0.004 0.974 0.006 0.002
0.000 0.990 0.000 0.001 0.008
0.007 0.008 0.000 0.000 0.985
0.003 0.000 0.994 0.002 0.000
0.026 0.002 0.968 0.002 0.001
0.013 0.005 0.000 0.000 0.982
0.989 0.000 0.009 0.000 0.002
0.000 0.002 0.005 0.993 0.000
0.990 0.000 0.002 0.000 0.007
0.000 0.987 0.001 0.003 0.008
0.987 0.000 0.003 0.000 0.010
0.000 0.001 0.003 0.997 0.000
0.002 0.000 0.994 0.004 0.000
0.990 0.000 0.003 0.000 0.007
0.000 0.001 0.004 0.994 0.000
0.002 0.952 0.015 0.011 0.020
0.018 0.002 0.975 0.003 0.001
0.004 0.000 0.994 0.002 0.000
0.006 0.000 0.990 0.003 0.000
0.003 0.000 0.992 0.004 0.000
0.002 0.001 0.980 0.015 0.001
0.000 0.980 0.001 0.001 0.018
0.006 0.007 0.000 0.000 0.987
0.036 0.001 0.962 0.001 0.001
0.008 0.006 0.000 0.000 0.986
0.006 0.000 0.991 0.003 0.000
0.006 0.001 0.987 0.005 0.001
0.017 0.001 0.980 0.002 0.001
0.000 0.000 0.003 0.996 0.000
0.000 0.993 0.000 0.005 0.002
0.014 0.007 0.000 0.000 0.980
0.012 0.005 0.000 0.000 0.983
0.006 0.007 0.000 0.000 0.987
0.108 0.005 0.000 0.000 0.886
0.990 0.000 0.003 0.000 0.007
0.000 0.006 0.003 0.992 0.000
0.994 0.000 0.002 0.000 0.005
0.006 0.007 0.000 0.000 0.988
0.036 0.001 0.962 0.001 0.001
0.986 0.000 0.013 0.000 0.002
0.000 0.986 0.001 0.002 0.012
0.004 0.001 0.989 0.005 0.001
0.991 0.000 0.002 0.000 0.008
0.000 0.003 0.014 0.983 0.000
0.004 0.000 0.992 0.004 0.000
0.000 0.990 0.001 0.006 0.003
0.000 0.994 0.000 0.004 0.002
0.990 0.000 0.006 0.000 0.004
0.006 0.007 0.000 0.000 0.987
0.000 0.004 0.008 0.988 0.000
0.014 0.007 0.000 0.000 0.979
0.008 0.006 0.000 0.000 0.986
0.000 0.992 0.000 0.003 0.005
0.001 0.980 0.003 0.005 0.012
0.010 0.006 0.000 0.000 0.984
0.001 0.963 0.009 0.019 0.008
0.000 0.989 0.001 0.008 0.002
0.008 0.000 0.990 0.002 0.000
0.028 0.078 0.867 0.014 0.013
0.004 0.001 0.989 0.006 0.001
0.002 0.944 0.018 0.028 0.008
0.004 0.000 0.991 0.005 0.000
0.001 0.959 0.007 0.004 0.028
0.003 0.001 0.988 0.007 0.001
0.000 0.001 0.004 0.996 0.000
0.000 0.981 0.002 0.010 0.006
0.989 0.000 0.004 0.000 0.007
0.987 0.000 0.004 0.000 0.009
0.973 0.000 0.023 0.000 0.004
0.008 0.001 0.988 0.003 0.001
0.005 0.001 0.989 0.005 0.001
0.007 0.001 0.989 0.003 0.001
0.003 0.001 0.987 0.008 0.001
0.993 0.000 0.002 0.000 0.005
0.001 0.129 0.110 0.759 0.001
0.005 0.001 0.986 0.006 0.001
0.012 0.058 0.899 0.025 0.007
0.000 0.985 0.000 0.001 0.013
0.000 0.013 0.003 0.983 0.000
0.000 0.006 0.006 0.988 0.000
0.994 0.000 0.002 0.000 0.004
0.983 0.000 0.014 0.000 0.003
0.007 0.007 0.000 0.000 0.986
0.987 0.000 0.007 0.000 0.006
0.004 0.000 0.991 0.004 0.000
0.002 0.001 0.980 0.015 0.001
0.005 0.007 0.000 0.000 0.988
0.031 0.001 0.000 0.000 0.968
0.002 0.001 0.984 0.012 0.001
0.000 0.001 0.005 0.995 0.000
0.000 0.978 0.001 0.001 0.019
0.004 0.000 0.991 0.004 0.000
0.967 0.000 0.029 0.000 0.004
0.000 0.991 0.000 0.007 0.002
0.003 0.001 0.980 0.014 0.001
0.986 0.000 0.004 0.000 0.009
0.000 0.992 0.000 0.005 0.002
0.000 0.989 0.001 0.006 0.004
0.021 0.005 0.000 0.000 0.974
0.000 0.985 0.001 0.006 0.007
0.008 0.004 0.000 0.000 0.987
0.010 0.012 0.000 0.000 0.978
0.000 0.002 0.004 0.995 0.000
0.989 0.000 0.003 0.000 0.008
0.009 0.032 0.932 0.022 0.004
0.000 0.004 0.005 0.990 0.000
0.000 0.044 0.029 0.927 0.000
0.982 0.000 0.006 0.000 0.013
0.994 0.000 0.002 0.000 0.004
0.990 0.000 0.002 0.000 0.008
0.004 0.000 0.994 0.002 0.000
0.000 0.007 0.002 0.991 0.000
0.001 0.002 0.965 0.031 0.001
0.993 0.000 0.001 0.000 0.005
0.011 0.006 0.000 0.000 0.983
0.007 0.007 0.000 0.000 0.986
0.000 0.993 0.000 0.002 0.005
0.000 0.987 0.001 0.008 0.003
0.000 0.004 0.020 0.975 0.000
0.007 0.006 0.000 0.000 0.987
0.004 0.000 0.991 0.005 0.000
0.007 0.001 0.989 0.003 0.001
0.990 0.000 0.002 0.000 0.008
0.000 0.992 0.000 0.005 0.003
0.026 0.001 0.971 0.001 0.001
0.011 0.036 0.926 0.022 0.005
0.000 0.989 0.001 0.004 0.006
0.000 0.003 0.005 0.992 0.000
0.000 0.990 0.001 0.008 0.002
0.000 0.993 0.000 0.003 0.004
0.006 0.000 0.990 0.003 0.000
0.989 0.000 0.004 0.000 0.007
0.000 0.003 0.008 0.989 0.000
0.987 0.000 0.003 0.000 0.009
0.010 0.001 0.986 0.003 0.001
0.012 0.000 0.986 0.001 0.000
0.989 0.000 0.003 0.000 0.007
0.000 0.008 0.003 0.988 0.000
0.000 0.007 0.003 0.990 0.000
0.002 0.945 0.020 0.018 0.015
0.000 0.987 0.001 0.002 0.011
0.010 0.006 0.000 0.000 0.984
0.002 0.890 0.027 0.077 0.003
0.000 0.994 0.000 0.002 0.004
0.003 0.000 0.991 0.005 0.000
0.000 0.010 0.004 0.987 0.000
0.001 0.950 0.008 0.005 0.035
0.989 0.000 0.003 0.000 0.008
0.989 0.000 0.005 0.000 0.006
0.000 0.000 0.003 0.997 0.000
0.990 0.000 0.003 0.000 0.007
0.006 0.007 0.000 0.000 0.987
0.025 0.007 0.000 0.000 0.967
0.001 0.977 0.002 0.004 0.016
0.003 0.001 0.986 0.010 0.001
0.000 0.007 0.003 0.990 0.000
0.989 0.000 0.005 0.000 0.006
0.005 0.007 0.000 0.000 0.988
0.006 0.004 0.000 0.000 0.990
0.989 0.000 0.003 0.000 0.008
0.000 0.004 0.006 0.990 0.000
0.000 0.985 0.001 0.013 0.001
0.985 0.000 0.002 0.000 0.013
0.000 0.038 0.002 0.959 0.000
0.006 0.009 0.000 0.000 0.985
0.987 0.000 0.002 0.000 0.011
0.014 0.003 0.000 0.000 0.983
0.000 0.002 0.003 0.996 0.000
0.007 0.000 0.990 0.002 0.000
0.006 0.000 0.991 0.003 0.000
0.001 0.978 0.004 0.006 0.011
0.000 0.989 0.000 0.002 0.009
0.000 0.002 0.007 0.991 0.000
0.000 0.993 0.000 0.002 0.005
0.000 0.991 0.000 0.006 0.002
0.000 0.004 0.004 0.992 0.000
0.000 0.991 0.000 0.007 0.002
0.004 0.000 0.994 0.002 0.000
0.000 0.992 0.000 0.002 0.006
0.985 0.000 0.009 0.000 0.006
0.002 0.000 0.991 0.006 0.000
0.002 0.002 0.972 0.022 0.001
0.946 0.000 0.023 0.000 0.031
0.000 0.000 0.003 0.997 0.000
0.009 0.006 0.000 0.000 0.985
0.000 0.992 0.000 0.005 0.002
0.980 0.000 0.002 0.000 0.018
0.992 0.000 0.003 0.000 0.005
0.006 0.006 0.000 0.000 0.988
0.000 0.991 0.000 0.006 0.002
0.004 0.000 0.992 0.003 0.000
0.012 0.001 0.983 0.002 0.001
0.000 0.000 0.004 0.996 0.000
0.000 0.989 0.001 0.005 0.004
0.000 0.006 0.002 0.991 0.000
0.007 0.007 0.000 0.000 0.986
0.974 0.000 0.016 0.000 0.010
0.990 0.000 0.005 0.000 0.006
0.003 0.921 0.036 0.017 0.024
0.009 0.007 0.000 0.000 0.984
0.002 0.960 0.009 0.006 0.023
0.985 0.000 0.010 0.000 0.005
0.988 0.000 0.004 0.000 0.008
0.000 0.007 0.021 0.972 0.000
0.000 0.012 0.004 0.984 0.000
0.000 0.992 0.000 0.002 0.005
0.001 0.971 0.004 0.004 0.019
0.006 0.000 0.990 0.003 0.000
0.007 0.009 0.000 0.000 0.984
0.082 0.001 0.913 0.001 0.002
0.007 0.006 0.000 0.000 0.987
0.031 0.001 0.966 0.001 0.001
0.010 0.006 0.000 0.000 0.984
0.000 0.006 0.004 0.990 0.000
0.007 0.007 0.000 0.000 0.986
0.006 0.008 0.000 0.000 0.986
0.003 0.000 0.991 0.005 0.000
0.000 0.005 0.004 0.992 0.000
0.038 0.001 0.959 0.001 0.001
0.023 0.011 0.000 0.000 0.965
0.000 0.003 0.004 0.993 0.000
0.008 0.000 0.989 0.002 0.000
0.000 0.002 0.008 0.990 0.000
0.993 0.000 0.003 0.000 0.005
0.000 0.990 0.000 0.007 0.002
0.004 0.001 0.989 0.005 0.001
0.000 0.003 0.003 0.994 0.000
0.994 0.000 0.003 0.000 0.003
0.009 0.007 0.000 0.000 0.984
0.000 0.988 0.001 0.004 0.006
0.017 0.003 0.975 0.004 0.002
0.000 0.006 0.002 0.992 0.000
0.001 0.001 0.980 0.017 0.001
0.000 0.992 0.000 0.006 0.002
0.000 0.001 0.003 0.996 0.000
0.005 0.004 0.971 0.019 0.001
0.986 0.000 0.012 0.000 0.002
0.000 0.003 0.009 0.988 0.000
0.994 0.000 0.002 0.000 0.004
0.003 0.000 0.992 0.004 0.000
0.000 0.990 0.000 0.001 0.008
0.000 0.989 0.000 0.009 0.001
0.009 0.006 0.000 0.000 0.985
0.987 0.000 0.003 0.000 0.009
0.000 0.991 0.000 0.003 0.006
0.000 0.001 0.006 0.993 0.000
0.003 0.002 0.974 0.020 0.001
0.987 0.000 0.003 0.000 0.011
0.005 0.000 0.990 0.004 0.000
0.991 0.000 0.002 0.000 0.007
0.010 0.009 0.000 0.000 0.981
0.007 0.009 0.000 0.000 0.984
0.014 0.003 0.000 0.000 0.982
0.007 0.006 0.000 0.000 0.987
0.001 0.184 0.069 0.745 0.001
0.027 0.003 0.000 0.000 0.970
0.001 0.001 0.981 0.016 0.001
0.000 0.993 0.000 0.002 0.004
0.000 0.007 0.003 0.990 0.000
0.676 0.007 0.050 0.001 0.265
0.009 0.008 0.000 0.000 0.983
0.989 0.000 0.004 0.000 0.006
0.010 0.032 0.930 0.024 0.005
0.014 0.005 0.000 0.000 0.981
0.007 0.007 0.000 0.000 0.987
0.000 0.990 0.001 0.005 0.004
0.005 0.001 0.985 0.007 0.001
0.011 0.005 0.000 0.000 0.984
0.000 0.003 0.003 0.994 0.000
0.000 0.002 0.005 0.993 0.000
0.967 0.000 0.027 0.000 0.007
0.000 0.012 0.006 0.982 0.000
0.004 0.001 0.987 0.008 0.001
0.007 0.007 0.000 0.000 0.986
0.018 0.004 0.000 0.000 0.978
0.000 0.010 0.010 0.980 0.000
0.011 0.029 0.934 0.021 0.005
0.000 0.991 0.001 0.005 0.003
0.000 0.991 0.000 0.006 0.002
0.989 0.000 0.005 0.000 0.006
0.985 0.000 0.009 0.000 0.006
0.970 0.000 0.026 0.000 0.003
0.004 0.001 0.987 0.008 0.001
0.000 0.002 0.003 0.995 0.000
0.012 0.003 0.000 0.000 0.986
0.000 0.009 0.008 0.982 0.000
0.987 0.000 0.004 0.000 0.009
0.000 0.001 0.003 0.996 0.000
0.000 0.003 0.009 0.989 0.000
0.000 0.992 0.000 0.002 0.005
0.000 0.990 0.000 0.009 0.001
0.006 0.008 0.000 0.000 0.986
0.005 0.006 0.000 0.000 0.990
0.000 0.002 0.003 0.995 0.000
0.000 0.988 0.001 0.003 0.008
0.005 0.000 0.992 0.002 0.000
0.007 0.006 0.000 0.000 0.987
0.010 0.008 0.000 0.000 0.981
0.011 0.005 0.000 0.000 0.984
0.000 0.004 0.006 0.990 0.000
0.001 0.982 0.002 0.004 0.011
0.991 0.000 0.002 0.000 0.007
0.000 0.993 0.000 0.004 0.003
0.000 0.011 0.006 0.983 0.000
0.000 0.984 0.001 0.010 0.004
0.026 0.002 0.968 0.002 0.001
0.000 0.002 0.004 0.994 0.000
0.992 0.000 0.003 0.000 0.005
0.005 0.000 0.992 0.002 0.000
0.006 0.000 0.991 0.003 0.000
0.010 0.065 0.887 0.031 0.006
0.000 0.000 0.003 0.996 0.000
0.000 0.004 0.025 0.971 0.000
0.003 0.000 0.994 0.003 0.000
0.000 0.001 0.008 0.991 0.000
0.004 0.002 0.983 0.011 0.001
0.002 0.000 0.992 0.006 0.000
0.003 0.000 0.990 0.006 0.000
0.015 0.007 0.000 0.000 0.978
0.000 0.991 0.000 0.006 0.002
0.000 0.992 0.000 0.006 0.002
0.006 0.007 0.000 0.000 0.988
0.007 0.007 0.000 0.000 0.986
0.002 0.910 0.022 0.006 0.059
0.002 0.955 0.014 0.017 0.013
0.006 0.008 0.000 0.000 0.986
0.012 0.004 0.000 0.000 0.984
0.000 0.001 0.003 0.996 0.000
0.008 0.005 0.000 0.000 0.986
0.005 0.004 0.000 0.000 0.991
0.008 0.005 0.000 0.000 0.986
0.000 0.990 0.000 0.007 0.002
0.000 0.990 0.001 0.008 0.002
0.014 0.005 0.000 0.000 0.981
0.015 0.064 0.893 0.020 0.008
0.011 0.005 0.000 0.000 0.984
0.000 0.992 0.000 0.006 0.002
0.007 0.008 0.000 0.000 0.985
0.967 0.000 0.023 0.000 0.009
0.000 0.002 0.003 0.994 0.000
0.005 0.000 0.991 0.003 0.000
0.000 0.000 0.005 0.995 0.000
0.000 0.988 0.001 0.002 0.009
0.000 0.003 0.003 0.993 0.000
0.006 0.006 0.000 0.000 0.987
0.013 0.001 0.983 0.002 0.001
0.000 0.020 0.003 0.977 0.000
0.000 0.001 0.007 0.991 0.000
0.990 0.000 0.004 0.000 0.006
0.005 0.007 0.000 0.000 0.988
0.000 0.987 0.001 0.005 0.006
0.983 0.000 0.006 0.000 0.011
0.005 0.001 0.989 0.004 0.001
0.002 0.001 0.989 0.008 0.000
0.001 0.978 0.003 0.007 0.011
0.007 0.006 0.000 0.000 0.987
0.006 0.007 0.000 0.000 0.988
0.000 0.990 0.001 0.007 0.002
0.000 0.002 0.007 0.991 0.000
0.047 0.002 0.946 0.002 0.002
0.000 0.991 0.000 0.007 0.002
0.000 0.001 0.006 0.993 0.000
0.000 0.002 0.003 0.995 0.000
0.001 0.964 0.009 0.009 0.018
0.006 0.006 0.000 0.000 0.988
0.000 0.003 0.007 0.990 0.000
0.000 0.003 0.007 0.990 0.000
0.992 0.000 0.003 0.000 0.005
0.001 0.956 0.002 0.001 0.040
0.985 0.000 0.012 0.000 0.002
0.988 0.000 0.003 0.000 0.009
0.000 0.002 0.002 0.996 0.000
0.001 0.976 0.004 0.005 0.014
0.008 0.001 0.988 0.003 0.001
0.001 0.000 0.984 0.014 0.000
0.004 0.011 0.000 0.000 0.985
0.000 0.990 0.001 0.007 0.002
0.913 0.000 0.026 0.000 0.059
0.987 0.000 0.001 0.000 0.012
0.000 0.004 0.006 0.990 0.000
0.000 0.977 0.001 0.001 0.021
0.008 0.006 0.000 0.000 0.986
0.993 0.000 0.002 0.000 0.005
0.025 0.000 0.000 0.000 0.975
0.005 0.001 0.989 0.005 0.001
0.054 0.002 0.000 0.000 0.945
0.001 0.977 0.003 0.005 0.013
0.015 0.006 0.969 0.008 0.002
0.000 0.003 0.002 0.994 0.000
0.003 0.928 0.031 0.020 0.019
0.002 0.000 0.985 0.012 0.000
0.003 0.919 0.039 0.019 0.021
0.002 0.000 0.991 0.006 0.000
0.000 0.005 0.001 0.994 0.000
0.000 0.013 0.008 0.979 0.000
0.019 0.000 0.979 0.001 0.000
0.011 0.006 0.000 0.000 0.983
0.006 0.001 0.988 0.004 0.001
0.000 0.009 0.023 0.969 0.000
0.003 0.930 0.028 0.013 0.026
0.000 0.003 0.012 0.985 0.000
0.000 0.005 0.008 0.987 0.000
0.012 0.006 0.000 0.000 0.982
0.993 0.000 0.001 0.000 0.005
0.989 0.000 0.004 0.000 0.007
0.006 0.000 0.990 0.003 0.000
0.000 0.002 0.005 0.994 0.000
0.006 0.006 0.000 0.000 0.988
0.016 0.004 0.000 0.000 0.980
0.978 0.000 0.002 0.000 0.020
0.000 0.007 0.008 0.986 0.000
0.000 0.988 0.001 0.009 0.002
0.008 0.001 0.989 0.002 0.001
0.011 0.006 0.000 0.000 0.983
0.964 0.000 0.033 0.000 0.003
0.963 0.000 0.020 0.000 0.016
0.000 0.005 0.007 0.988 0.000
0.000 0.990 0.001 0.003 0.006
0.000 0.002 0.002 0.996 0.000
0.025 0.010 0.955 0.007 0.004
0.006 0.007 0.000 0.000 0.988
0.993 0.000 0.003 0.000 0.004
0.000 0.003 0.006 0.990 0.000
0.020 0.003 0.971 0.004 0.002
0.000 0.002 0.010 0.988 0.000
0.990 0.000 0.005 0.000 0.005
0.000 0.982 0.001 0.003 0.014
0.013 0.006 0.000 0.000 0.981
0.007 0.000 0.991 0.002 0.000
0.006 0.008 0.000 0.000 0.986
0.002 0.001 0.987 0.009 0.001
0.000 0.000 0.005 0.995 0.000
0.963 0.000 0.002 0.000 0.035
0.001 0.979 0.003 0.007 0.011
0.949 0.000 0.021 0.000 0.030
0.000 0.994 0.000 0.004 0.002
0.941 0.000 0.035 0.000 0.023
0.994 0.000 0.002 0.000 0.005
0.990 0.000 0.002 0.000 0.008
0.000 0.994 0.000 0.003 0.002
0.000 0.003 0.019 0.978 0.000
0.004 0.001 0.988 0.006 0.001
0.005 0.000 0.990 0.004 0.000
0.000 0.985 0.001 0.011 0.002
0.001 0.001 0.976 0.022 0.000
0.010 0.007 0.000 0.000 0.983
0.006 0.056 0.883 0.051 0.005
0.000 0.003 0.008 0.990 0.000
0.993 0.000 0.002 0.000 0.005
0.000 0.987 0.001 0.010 0.002
0.008 0.001 0.000 0.000 0.990
0.002 0.000 0.991 0.006 0.000
0.007 0.005 0.000 0.000 0.989
0.000 0.990 0.000 0.007 0.002
0.000 0.001 0.004 0.996 0.000
0.004 0.001 0.989 0.006 0.001
0.000 0.001 0.004 0.995 0.000
0.989 0.000 0.003 0.000 0.008
0.000 0.002 0.003 0.995 0.000
0.967 0.000 0.031 0.000 0.002
0.016 0.004 0.000 0.000 0.980
0.000 0.991 0.000 0.006 0.002
0.000 0.983 0.001 0.001 0.014
0.000 0.988 0.001 0.005 0.005
0.000 0.991 0.000 0.007 0.002
0.002 0.953 0.010 0.005 0.030
0.994 0.000 0.003 0.000 0.003
0.005 0.000 0.992 0.002 0.000
0.000 0.004 0.006 0.990 0.000
0.988 0.000 0.003 0.000 0.008
0.000 0.989 0.001 0.008 0.002
0.000 0.001 0.003 0.996 0.000
0.000 0.992 0.000 0.006 0.002
0.000 0.992 0.000 0.006 0.002
0.000 0.013 0.014 0.973 0.000
0.010 0.006 0.000 0.000 0.984
0.000 0.989 0.000 0.001 0.010
0.001 0.983 0.002 0.007 0.007
0.000 0.003 0.003 0.994 0.000
0.004 0.001 0.991 0.004 0.000
0.000 0.002 0.006 0.992 0.000
0.007 0.007 0.000 0.000 0.987
0.988 0.000 0.005 0.000 0.007
0.000 0.001 0.004 0.996 0.000
0.963 0.000 0.032 0.000 0.005
0.000 0.987 0.001 0.005 0.006
0.008 0.005 0.000 0.000 0.987
0.009 0.006 0.000 0.000 0.985
0.000 0.990 0.001 0.007 0.003
0.991 0.000 0.004 0.000 0.006
0.012 0.006 0.000 0.000 0.983
0.010 0.001 0.987 0.002 0.001
0.006 0.005 0.000 0.000 0.988
0.010 0.006 0.000 0.000 0.984
0.000 0.991 0.000 0.005 0.003
0.000 0.001 0.004 0.994 0.000
0.000 0.014 0.002 0.983 0.000
0.000 0.993 0.000 0.005 0.002
0.989 0.000 0.004 0.000 0.006
0.009 0.007 0.000 0.000 0.984
0.009 0.007 0.000 0.000 0.985
0.000 0.003 0.009 0.988 0.000
0.000 0.002 0.004 0.994 0.000
0.995 0.000 0.003 0.000 0.003
0.000 0.987 0.001 0.002 0.010
0.000 0.001 0.003 0.996 0.000
0.007 0.001 0.990 0.003 0.001
0.001 0.960 0.011 0.010 0.017
0.020 0.004 0.970 0.004 0.002
0.006 0.007 0.000 0.000 0.987
0.001 0.921 0.008 0.004 0.066
0.000 0.003 0.009 0.987 0.000
0.005 0.006 0.000 0.000 0.989
0.000 0.015 0.003 0.982 0.000
0.000 0.002 0.004 0.994 0.000
0.002 0.000 0.992 0.005 0.000
0.000 0.002 0.004 0.994 0.000
0.008 0.004 0.000 0.000 0.987
0.007 0.001 0.989 0.003 0.000
0.992 0.000 0.007 0.000 0.001
0.975 0.000 0.019 0.000 0.006
0.982 0.000 0.002 0.000 0.016
0.005 0.000 0.991 0.004 0.000
0.008 0.006 0.000 0.000 0.986
0.000 0.992 0.000 0.006 0.002
0.000 0.991 0.000 0.006 0.002
0.988 0.000 0.004 0.000 0.008
0.008 0.007 0.000 0.000 0.986
0.004 0.001 0.987 0.008 0.001
0.015 0.001 0.980 0.003 0.001
0.990 0.000 0.007 0.000 0.003
0.004 0.000 0.992 0.003 0.000
0.985 0.000 0.002 0.000 0.014
0.010 0.006 0.000 0.000 0.984
0.000 0.967 0.001 0.032 0.001
0.016 0.004 0.000 0.000 0.980
0.000 0.990 0.001 0.004 0.005
0.989 0.000 0.003 0.000 0.008
0.006 0.006 0.000 0.000 0.988
0.000 0.994 0.000 0.004 0.002
0.991 0.000 0.003 0.000 0.006
0.002 0.945 0.021 0.017 0.015
0.000 0.013 0.004 0.983 0.000
0.993 0.000 0.002 0.000 0.005
0.014 0.004 0.974 0.006 0.002
0.000 0.001 0.005 0.995 0.000
0.000 0.992 0.000 0.006 0.001
0.000 0.994 0.000 0.003 0.003
0.000 0.993 0.000 0.002 0.004
0.000 0.005 0.011 0.984 0.000
0.006 0.007 0.000 0.000 0.988
0.008 0.007 0.000 0.000 0.985
0.008 0.005 0.000 0.000 0.987
0.000 0.992 0.000 0.005 0.003
0.000 0.990 0.000 0.001 0.008
0.968 0.000 0.029 0.000 0.003
0.000 0.116 0.017 0.867 0.000
0.000 0.991 0.000 0.002 0.006
0.000 0.006 0.019 0.974 0.000
0.004 0.000 0.994 0.002 0.000
0.000 0.001 0.002 0.997 0.000
0.000 0.991 0.000 0.007 0.002
0.003 0.882 0.055 0.052 0.008
0.000 0.002 0.004 0.994 0.000
0.000 0.002 0.006 0.992 0.000
0.004 0.001 0.990 0.005 0.001
0.000 0.990 0.000 0.008 0.002
0.008 0.008 0.000 0.000 0.985
0.000 0.018 0.004 0.979 0.000
0.986 0.000 0.004 0.000 0.010
0.005 0.763 0.148 0.075 0.010
0.006 0.008 0.000 0.000 0.986
0.004 0.053 0.856 0.083 0.004
0.000 0.992 0.000 0.005 0.002
0.031 0.001 0.000 0.000 0.968
0.015 0.004 0.000 0.000 0.981
0.002 0.242 0.099 0.656 0.002
0.001 0.966 0.007 0.006 0.021
0.000 0.003 0.007 0.989 0.000
0.007 0.006 0.000 0.000 0.987
0.977 0.000 0.014 0.000 0.009
0.004 0.000 0.994 0.002 0.000
0.020 0.036 0.924 0.014 0.006
0.967 0.000 0.029 0.000 0.004
0.992 0.000 0.003 0.000 0.005
0.007 0.008 0.000 0.000 0.986
0.004 0.000 0.993 0.002 0.000
0.005 0.000 0.992 0.002 0.000
0.001 0.975 0.004 0.012 0.008
0.000 0.988 0.001 0.002 0.009
0.022 0.000 0.977 0.001 0.000
0.001 0.972 0.006 0.007 0.014
0.000 0.984 0.001 0.002 0.013
0.004 0.001 0.989 0.005 0.001
0.000 0.004 0.005 0.991 0.000
0.000 0.001 0.007 0.992 0.000
0.000 0.003 0.007 0.989 0.000
0.013 0.006 0.000 0.000 0.982
0.000 0.989 0.001 0.008 0.002
0.000 0.011 0.002 0.987 0.000
0.000 0.004 0.004 0.992 0.000
0.014 0.011 0.000 0.000 0.974
0.987 0.000 0.002 0.000 0.012
0.000 0.991 0.000 0.007 0.002
0.000 0.986 0.001 0.004 0.008
0.000 0.988 0.000 0.002 0.009
0.016 0.001 0.979 0.003 0.001
0.000 0.003 0.011 0.986 0.000
0.001 0.976 0.003 0.015 0.006
0.988 0.000 0.002 0.000 0.010
0.001 0.969 0.005 0.005 0.020
0.001 0.979 0.003 0.004 0.014
0.993 0.000 0.002 0.000 0.004
0.008 0.008 0.000 0.000 0.983
0.000 0.013 0.008 0.978 0.000
0.983 0.000 0.002 0.000 0.014
0.000 0.004 0.014 0.982 0.000
0.000 0.992 0.000 0.006 0.002
0.991 0.000 0.002 0.000 0.007
0.004 0.008 0.000 0.000 0.987
0.004 0.000 0.994 0.002 0.000
0.000 0.003 0.012 0.985 0.000
0.008 0.002 0.981 0.008 0.001
0.001 0.971 0.006 0.014 0.008
0.000 0.008 0.011 0.981 0.000
0.005 0.007 0.000 0.000 0.987
0.007 0.001 0.988 0.003 0.001
0.058 0.003 0.935 0.002 0.003
0.917 0.001 0.023 0.000 0.058
0.000 0.004 0.011 0.984 0.000
0.007 0.006 0.000 0.000 0.987
0.018 0.001 0.978 0.002 0.001
0.000 0.991 0.000 0.006 0.002
0.976 0.000 0.016 0.000 0.009
0.979 0.000 0.009 0.000 0.012
0.989 0.000 0.004 0.000 0.007
0.989 0.000 0.005 0.000 0.006
0.006 0.007 0.000 0.000 0.987
0.005 0.007 0.000 0.000 0.988
0.990 0.000 0.004 0.000 0.006
0.000 0.990 0.001 0.005 0.004
0.990 0.000 0.002 0.000 0.008
0.934 0.000 0.005 0.000 0.060
0.984 0.000 0.005 0.000 0.011
0.986 0.000 0.003 0.000 0.012
0.990 0.000 0.002 0.000 0.007
0.000 0.002 0.010 0.988 0.000
0.987 0.000 0.004 0.000 0.009
0.000 0.990 0.001 0.003 0.007
0.006 0.007 0.000 0.000 0.987
0.010 0.006 0.000 0.000 0.984
0.989 0.000 0.002 0.000 0.009
0.000 0.009 0.002 0.989 0.000
0.000 0.001 0.006 0.992 0.000
0.992 0.000 0.005 0.000 0.004
0.000 0.988 0.001 0.003 0.008
0.007 0.006 0.000 0.000 0.987
0.013 0.006 0.000 0.000 0.981
0.000 0.990 0.000 0.002 0.008
0.000 0.992 0.000 0.006 0.002
0.005 0.001 0.987 0.006 0.001
0.990 0.000 0.002 0.000 0.009
0.000 0.002 0.004 0.994 0.000
0.000 0.008 0.005 0.987 0.000
0.000 0.992 0.000 0.002 0.006
0.000 0.993 0.000 0.004 0.003
0.000 0.008 0.008 0.983 0.000
0.993 0.000 0.003 0.000 0.004
0.000 0.001 0.002 0.997 0.000
0.019 0.007 0.964 0.006 0.003
0.003 0.000 0.992 0.004 0.000
0.000 0.994 0.000 0.003 0.003
0.003 0.000 0.990 0.006 0.000
0.016 0.004 0.000 0.000 0.980
0.000 0.987 0.001 0.003 0.009
0.010 0.065 0.887 0.031 0.006
0.004 0.000 0.992 0.003 0.000
0.009 0.000 0.990 0.001 0.000
0.002 0.954 0.014 0.009 0.021
0.001 0.978 0.002 0.003 0.017
0.008 0.007 0.000 0.000 0.985
0.000 0.003 0.023 0.974 0.000
0.015 0.052 0.908 0.019 0.007
0.978 0.000 0.002 0.000 0.020
0.013 0.006 0.000 0.000 0.981
0.000 0.005 0.004 0.991 0.000
0.013 0.006 0.000 0.000 0.981
0.991 0.000 0.003 0.000 0.006
0.010 0.025 0.939 0.022 0.004
0.009 0.001 0.987 0.003 0.001
0.004 0.001 0.989 0.006 0.001
0.004 0.000 0.994 0.002 0.000
0.000 0.004 0.002 0.994 0.000
0.000 0.987 0.001 0.007 0.005
0.006 0.001 0.989 0.004 0.001
0.016 0.004 0.000 0.000 0.980
0.991 0.000 0.004 0.000 0.005
0.986 0.000 0.003 0.000 0.011
0.001 0.974 0.004 0.009 0.012
0.993 0.000 0.002 0.000 0.004
0.000 0.015 0.030 0.954 0.000
0.000 0.991 0.001 0.006 0.003
0.983 0.000 0.002 0.000 0.015
0.004 0.000 0.993 0.002 0.000
0.003 0.000 0.993 0.004 0.000
0.004 0.001 0.989 0.005 0.001
0.992 0.000 0.004 0.000 0.004
0.976 0.000 0.002 0.000 0.022
0.000 0.001 0.007 0.991 0.000
0.993 0.000 0.002 0.000 0.005
0.000 0.989 0.001 0.008 0.002
0.991 0.000 0.002 0.000 0.007
0.876 0.001 0.014 0.000 0.109
0.986 0.000 0.003 0.000 0.011
0.002 0.001 0.980 0.015 0.001
0.006 0.000 0.990 0.003 0.000
0.007 0.007 0.000 0.000 0.987
0.009 0.005 0.000 0.000 0.986
0.004 0.000 0.993 0.002 0.000
0.000 0.009 0.002 0.989 0.000
0.988 0.000 0.003 0.000 0.009
0.000 0.001 0.006 0.993 0.000
0.011 0.001 0.986 0.002 0.001
0.000 0.003 0.009 0.987 0.000
0.000 0.991 0.000 0.006 0.002
0.983 0.000 0.006 0.000 0.011
0.000 0.005 0.005 0.990 0.000
0.000 0.004 0.012 0.983 0.000
0.985 0.000 0.003 0.000 0.013
0.000 0.993 0.000 0.004 0.003
0.009 0.000 0.989 0.001 0.000
0.000 0.001 0.003 0.995 0.000
0.000 0.985 0.001 0.002 0.011
0.000 0.991 0.000 0.007 0.002
0.000 0.991 0.000 0.007 0.002
0.011 0.009 0.000 0.000 0.980
0.000 0.992 0.000 0.006 0.002
0.989 0.000 0.004 0.000 0.007
0.010 0.005 0.000 0.000 0.985
0.988 0.000 0.004 0.000 0.008
0.002 0.953 0.013 0.008 0.023
0.004 0.000 0.992 0.003 0.000
0.000 0.001 0.009 0.990 0.000
0.991 0.000 0.003 0.000 0.006
0.000 0.001 0.003 0.996 0.000
0.003 0.000 0.990 0.006 0.000
0.000 0.992 0.000 0.005 0.002
0.010 0.006 0.000 0.000 0.984
0.007 0.005 0.000 0.000 0.987
0.000 0.012 0.003 0.985 0.000
0.000 0.004 0.005 0.991 0.000
0.000 0.009 0.006 0.986 0.000
0.001 0.967 0.004 0.028 0.002
0.034 0.012 0.943 0.005 0.005
0.000 0.986 0.001 0.002 0.011
0.004 0.000 0.992 0.004 0.000
0.000 0.002 0.003 0.995 0.000
0.000 0.986 0.001 0.002 0.010
0.000 0.990 0.001 0.004 0.006
0.994 0.000 0.002 0.000 0.004
0.967 0.000 0.030 0.000 0.004
0.980 0.000 0.013 0.000 0.007
0.000 0.001 0.003 0.996 0.000
0.000 0.002 0.003 0.995 0.000
0.007 0.010 0.000 0.000 0.984
0.000 0.002 0.005 0.994 0.000
0.000 0.005 0.015 0.980 0.000
0.016 0.003 0.000 0.000 0.981
0.000 0.003 0.008 0.989 0.000
0.005 0.006 0.000 0.000 0.988
0.989 0.000 0.006 0.000 0.005
0.000 0.987 0.001 0.003 0.009
0.002 0.001 0.989 0.008 0.000
0.001 0.000 0.984 0.014 0.000
0.007 0.003 0.978 0.011 0.001
0.970 0.000 0.026 0.000 0.004
0.000 0.007 0.020 0.973 0.000
0.004 0.001 0.980 0.014 0.001
0.000 0.988 0.001 0.008 0.002
0.000 0.986 0.001 0.005 0.006
0.000 0.008 0.024 0.968 0.000
0.000 0.010 0.025 0.965 0.000
0.008 0.005 0.000 0.000 0.987
0.012 0.015 0.000 0.000 0.973
0.004 0.000 0.993 0.003 0.000
0.990 0.000 0.001 0.000 0.008
0.000 0.989 0.000 0.010 0.001
0.004 0.000 0.992 0.003 0.000
0.000 0.012 0.017 0.971 0.000
0.000 0.006 0.031 0.964 0.000
0.004 0.000 0.992 0.004 0.000
0.011 0.001 0.986 0.002 0.001
0.993 0.000 0.002 0.000 0.005
0.012 0.007 0.000 0.000 0.981
0.990 0.000 0.007 0.000 0.004
0.000 0.001 0.003 0.996 0.000
0.012 0.005 0.000 0.000 0.983
0.029 0.003 0.000 0.000 0.968
0.013 0.001 0.984 0.002 0.001
0.008 0.001 0.988 0.002 0.001
0.000 0.001 0.006 0.993 0.000
0.000 0.005 0.008 0.988 0.000
0.993 0.000 0.002 0.000 0.005
0.003 0.000 0.992 0.004 0.000
0.007 0.004 0.000 0.000 0.989
0.001 0.000 0.993 0.005 0.000
0.991 0.000 0.004 0.000 0.006
0.000 0.005 0.008 0.987 0.000
0.967 0.000 0.029 0.000 0.004
0.007 0.138 0.769 0.079 0.007
0.007 0.005 0.000 0.000 0.987
0.000 0.000 0.003 0.997 0.000
0.000 0.001 0.004 0.995 0.000
0.002 0.000 0.990 0.008 0.000
0.003 0.002 0.974 0.020 0.001
0.991 0.000 0.004 0.000 0.006
0.005 0.001 0.990 0.004 0.001
0.000 0.002 0.002 0.996 0.000
0.990 0.000 0.007 0.000 0.003
0.010 0.006 0.000 0.000 0.984
0.989 0.000 0.003 0.000 0.009
0.000 0.002 0.009 0.990 0.000
0.990 0.000 0.001 0.000 0.008
0.006 0.009 0.000 0.000 0.986
0.010 0.010 0.000 0.000 0.980
0.000 0.012 0.026 0.961 0.000
0.001 0.970 0.003 0.024 0.003
0.000 0.008 0.010 0.982 0.000
0.012 0.003 0.000 0.000 0.985
0.000 0.001 0.003 0.996 0.000
0.984 0.000 0.013 0.000 0.003
0.000 0.989 0.001 0.002 0.008
0.988 0.000 0.005 0.000 0.006
0.000 0.001 0.004 0.995 0.000
0.967 0.000 0.029 0.000 0.004
0.000 0.012 0.007 0.981 0.000
0.986 0.000 0.002 0.000 0.012
0.000 0.001 0.002 0.997 0.000
0.000 0.993 0.000 0.002 0.005
0.990 0.000 0.003 0.000 0.006
0.000 0.005 0.003 0.992 0.000
0.989 0.000 0.005 0.000 0.006
0.009 0.005 0.000 0.000 0.986
0.005 0.005 0.000 0.000 0.991
0.992 0.000 0.003 0.000 0.005
0.991 0.000 0.004 0.000 0.006
0.000 0.001 0.002 0.996 0.000
0.000 0.988 0.001 0.003 0.007
0.004 0.000 0.994 0.002 0.000
0.009 0.007 0.000 0.000 0.985
0.002 0.000 0.990 0.008 0.000
0.000 0.002 0.013 0.985 0.000
0.000 0.001 0.005 0.993 0.000
0.000 0.993 0.000 0.002 0.005
0.989 0.000 0.003 0.000 0.009
0.988 0.000 0.003 0.000 0.009
0.008 0.006 0.000 0.000 0.986
0.963 0.000 0.034 0.000 0.003
0.005 0.000 0.993 0.002 0.000
0.000 0.020 0.007 0.974 0.000
0.988 0.000 0.003 0.000 0.009
0.006 0.001 0.989 0.004 0.001
0.005 0.000 0.993 0.002 0.000
0.001 0.929 0.006 0.063 0.001
0.000 0.993 0.000 0.005 0.002
0.036 0.006 0.000 0.000 0.958
0.991 0.000 0.003 0.000 0.006
0.008 0.005 0.000 0.000 0.987
0.000 0.003 0.008 0.989 0.000
0.006 0.001 0.988 0.004 0.001
0.000 0.989 0.000 0.008 0.002
0.988 0.000 0.003 0.000 0.009
0.991 0.000 0.003 0.000 0.006
0.000 0.990 0.000 0.007 0.002
0.990 0.000 0.003 0.000 0.006
0.000 0.005 0.004 0.991 0.000
0.000 0.012 0.025 0.963 0.000
0.004 0.000 0.991 0.004 0.000
0.000 0.992 0.000 0.006 0.002
0.006 0.008 0.000 0.000 0.985
0.008 0.008 0.000 0.000 0.984
0.000 0.003 0.007 0.990 0.000
0.989 0.000 0.003 0.000 0.008
0.001 0.975 0.003 0.016 0.005
0.009 0.006 0.000 0.000 0.986
0.000 0.011 0.002 0.987 0.000
0.984 0.000 0.006 0.000 0.010
0.001 0.983 0.002 0.004 0.011
0.001 0.981 0.003 0.009 0.007
0.000 0.001 0.003 0.996 0.000
0.024 0.006 0.962 0.005 0.003
0.942 0.000 0.027 0.000 0.030
0.000 0.990 0.000 0.008 0.001
0.008 0.006 0.000 0.000 0.986
0.989 0.000 0.002 0.000 0.009
0.988 0.000 0.004 0.000 0.009
0.006 0.003 0.979 0.012 0.001
0.986 0.000 0.003 0.000 0.010
0.003 0.000 0.994 0.003 0.000
0.006 0.000 0.990 0.003 0.000
0.001 0.954 0.010 0.029 0.005
0.931 0.000 0.021 0.000 0.047
0.000 0.017 0.003 0.980 0.000
0.986 0.000 0.002 0.000 0.012
0.005 0.007 0.000 0.000 0.989
0.000 0.992 0.000 0.005 0.002
0.007 0.007 0.000 0.000 0.985
0.013 0.001 0.000 0.000 0.987
0.000 0.001 0.003 0.996 0.000
0.989 0.000 0.004 0.000 0.007
0.000 0.030 0.010 0.960 0.000
0.004 0.001 0.988 0.008 0.001
0.000 0.989 0.000 0.009 0.001
0.006 0.007 0.000 0.000 0.986
0.022 0.000 0.000 0.000 0.977
0.006 0.000 0.991 0.002 0.000
0.000 0.003 0.019 0.978 0.000
0.004 0.009 0.000 0.000 0.987
0.000 0.988 0.001 0.004 0.008
0.000 0.992 0.000 0.006 0.002
0.000 0.992 0.000 0.006 0.002
0.000 0.012 0.002 0.985 0.000
0.989 0.000 0.005 0.000 0.006
0.000 0.004 0.003 0.993 0.000
0.000 0.992 0.000 0.006 0.002
0.002 0.861 0.029 0.105 0.003
0.982 0.000 0.002 0.000 0.016
0.001 0.926 0.013 0.057 0.003
0.025 0.000 0.000 0.000 0.975
0.005 0.001 0.989 0.005 0.001
0.000 0.002 0.005 0.993 0.000
0.000 0.013 0.022 0.965 0.000
0.009 0.008 0.000 0.000 0.983
0.990 0.000 0.002 0.000 0.007
0.942 0.000 0.017 0.000 0.041
0.004 0.000 0.993 0.003 0.000
0.000 0.987 0.001 0.002 0.010
0.001 0.964 0.007 0.022 0.006
0.033 0.009 0.000 0.000 0.958
0.003 0.000 0.992 0.004 0.000
0.000 0.991 0.000 0.003 0.005
0.851 0.002 0.052 0.001 0.094
0.989 0.000 0.002 0.000 0.008
0.987 0.000 0.003 0.000 0.009
0.010 0.005 0.000 0.000 0.985
0.000 0.992 0.000 0.005 0.002
0.000 0.009 0.011 0.980 0.000
0.991 0.000 0.003 0.000 0.006
0.019 0.007 0.964 0.006 0.003
0.019 0.009 0.000 0.000 0.972
0.006 0.001 0.987 0.005 0.001
0.000 0.004 0.014 0.982 0.000
0.004 0.000 0.992 0.004 0.000
0.003 0.001 0.987 0.007 0.001
0.006 0.001 0.987 0.005 0.001
0.000 0.007 0.010 0.983 0.000
0.005 0.001 0.989 0.005 0.001
0.006 0.007 0.000 0.000 0.988
0.990 0.000 0.002 0.000 0.008
0.000 0.982 0.001 0.002 0.014
0.016 0.004 0.000 0.000 0.980
0.013 0.006 0.000 0.000 0.981
0.007 0.007 0.000 0.000 0.986
0.008 0.001 0.988 0.002 0.001
0.000 0.003 0.002 0.995 0.000
0.000 0.993 0.000 0.003 0.004
0.973 0.000 0.023 0.000 0.004
0.006 0.000 0.992 0.002 0.000
0.984 0.000 0.003 0.000 0.013
0.007 0.000 0.990 0.003 0.000
0.990 0.000 0.002 0.000 0.008
0.988 0.000 0.003 0.000 0.009
0.000 0.001 0.010 0.988 0.000
0.986 0.000 0.002 0.000 0.011
0.000 0.004 0.004 0.993 0.000
0.000 0.994 0.000 0.004 0.002
0.000 0.006 0.004 0.990 0.000
0.012 0.006 0.000 0.000 0.983
0.002 0.003 0.950 0.044 0.001
0.008 0.006 0.000 0.000 0.986
0.000 0.995 0.000 0.004 0.001
0.000 0.988 0.000 0.001 0.011
0.013 0.010 0.964 0.010 0.003
0.005 0.001 0.990 0.004 0.001
0.010 0.001 0.986 0.003 0.001
0.007 0.006 0.000 0.000 0.987
0.000 0.992 0.000 0.005 0.002
0.002 0.949 0.018 0.012 0.020
0.000 0.003 0.002 0.995 0.000
0.899 0.000 0.007 0.000 0.094
0.000 0.001 0.005 0.994 0.000
0.006 0.007 0.000 0.000 0.987
0.006 0.000 0.991 0.003 0.000
0.004 0.000 0.992 0.003 0.000
0.000 0.066 0.024 0.910 0.000
0.991 0.000 0.003 0.000 0.006
0.677 0.006 0.037 0.001 0.278
0.005 0.007 0.000 0.000 0.988
0.012 0.003 0.000 0.000 0.985
0.018 0.004 0.000 0.000 0.978
0.967 0.000 0.029 0.000 0.004
0.957 0.000 0.038 0.000 0.004
0.000 0.994 0.000 0.004 0.002
0.985 0.000 0.005 0.000 0.010
0.992 0.000 0.002 0.000 0.006
0.000 0.009 0.002 0.989 0.000
0.992 0.000 0.007 0.000 0.001
0.990 0.000 0.002 0.000 0.008
0.989 0.000 0.003 0.000 0.008
0.007 0.003 0.978 0.011 0.001
0.991 0.000 0.003 0.000 0.006
0.000 0.987 0.001 0.010 0.002
0.009 0.009 0.000 0.000 0.982
0.000 0.987 0.001 0.011 0.001
0.000 0.992 0.000 0.005 0.002
0.000 0.010 0.005 0.985 0.000
0.001 0.969 0.007 0.008 0.015
0.989 0.000 0.005 0.000 0.006
0.988 0.000 0.005 0.000 0.007
0.994 0.000 0.003 0.000 0.003
0.007 0.006 0.000 0.000 0.987
0.001 0.975 0.004 0.011 0.010
0.990 0.000 0.003 0.000 0.008
0.005 0.007 0.000 0.000 0.989
0.986 0.000 0.004 0.000 0.010
0.000 0.007 0.003 0.990 0.000
0.004 0.000 0.993 0.003 0.000
0.000 0.992 0.000 0.006 0.001
0.006 0.000 0.991 0.002 0.000
0.108 0.005 0.000 0.000 0.886
0.015 0.004 0.000 0.000 0.980
0.004 0.000 0.991 0.004 0.000
0.000 0.001 0.004 0.996 0.000
0.007 0.010 0.000 0.000 0.984
0.000 0.993 0.000 0.003 0.004
0.007 0.008 0.000 0.000 0.985
0.000 0.993 0.000 0.004 0.003
0.001 0.973 0.004 0.009 0.013
0.000 0.990 0.000 0.008 0.001
0.006 0.001 0.988 0.005 0.001
0.000 0.011 0.003 0.985 0.000
0.011 0.000 0.987 0.001 0.000
0.986 0.000 0.007 0.000 0.007
0.000 0.003 0.004 0.992 0.000
0.010 0.001 0.986 0.002 0.001
0.003 0.000 0.992 0.005 0.000
0.990 0.000 0.003 0.000 0.007
0.014 0.001 0.982 0.002 0.001
0.006 0.000 0.991 0.002 0.000
0.008 0.004 0.000 0.000 0.988
0.006 0.009 0.000 0.000 0.985
0.011 0.006 0.000 0.000 0.982
0.989 0.000 0.002 0.000 0.008
0.993 0.000 0.002 0.000 0.005
0.007 0.005 0.000 0.000 0.988
0.006 0.000 0.990 0.003 0.000
0.000 0.014 0.030 0.956 0.000
0.000 0.002 0.002 0.995 0.000
0.993 0.000 0.002 0.000 0.005
0.000 0.016 0.007 0.978 0.000
0.000 0.991 0.000 0.004 0.003
0.004 0.000 0.991 0.005 0.000
0.005 0.000 0.992 0.002 0.000
0.986 0.000 0.004 0.000 0.009
0.019 0.008 0.000 0.000 0.972
0.000 0.001 0.003 0.996 0.000
0.007 0.007 0.000 0.000 0.986
0.007 0.007 0.000 0.000 0.986
0.002 0.001 0.984 0.012 0.001
0.000 0.005 0.004 0.992 0.000
0.010 0.006 0.000 0.000 0.984
0.000 0.004 0.012 0.985 0.000
0.983 0.000 0.014 0.000 0.003
0.008 0.004 0.000 0.000 0.987
0.000 0.001 0.004 0.995 0.000
0.004 0.000 0.991 0.004 0.000
0.008 0.007 0.000 0.000 0.985
0.000 0.002 0.004 0.994 0.000
0.008 0.007 0.000 0.000 0.986
0.000 0.013 0.003 0.984 0.000
0.000 0.005 0.005 0.990 0.000
0.006 0.007 0.000 0.000 0.987
0.010 0.024 0.942 0.020 0.004
0.009 0.000 0.989 0.001 0.000
0.007 0.006 0.000 0.000 0.987
0.006 0.007 0.000 0.000 0.987
0.000 0.002 0.006 0.993 0.000
0.004 0.000 0.993 0.003 0.000
0.000 0.016 0.002 0.981 0.000
0.991 0.000 0.002 0.000 0.007
0.994 0.000 0.002 0.000 0.005
0.000 0.988 0.001 0.003 0.008
0.002 0.938 0.016 0.038 0.006
0.977 0.000 0.012 0.000 0.010
0.000 0.080 0.022 0.898 0.000
0.986 0.000 0.003 0.000 0.011
0.988 0.000 0.004 0.000 0.009
0.007 0.006 0.000 0.000 0.987
0.006 0.000 0.992 0.002 0.000
0.011 0.006 0.000 0.000 0.983
0.000 0.012 0.014 0.974 0.000
0.010 0.006 0.000 0.000 0.984
0.001 0.972 0.006 0.008 0.013
0.008 0.005 0.000 0.000 0.987
0.000 0.000 0.005 0.995 0.000
0.000 0.988 0.001 0.009 0.002
0.985 0.000 0.004 0.000 0.010
0.987 0.000 0.003 0.000 0.010
0.004 0.000 0.992 0.003 0.000
0.006 0.007 0.000 0.000 0.988
0.006 0.007 0.000 0.000 0.987
0.993 0.000 0.002 0.000 0.005
0.009 0.006 0.000 0.000 0.985
0.000 0.004 0.012 0.984 0.000
0.014 0.001 0.983 0.002 0.001
0.022 0.000 0.000 0.000 0.977
0.016 0.004 0.000 0.000 0.980
0.006 0.000 0.990 0.003 0.000
0.940 0.000 0.036 0.000 0.024
0.023 0.001 0.973 0.002 0.001
0.001 0.970 0.005 0.019 0.005
0.000 0.007 0.013 0.979 0.000
0.000 0.989 0.000 0.002 0.009
0.984 0.000 0.002 0.000 0.014
0.000 0.985 0.001 0.002 0.012
0.001 0.972 0.006 0.008 0.014
0.007 0.000 0.991 0.002 0.000
0.000 0.011 0.003 0.987 0.000
0.009 0.008 0.000 0.000 0.983
0.005 0.001 0.988 0.006 0.001
0.038 0.001 0.960 0.001 0.001
0.005 0.004 0.000 0.000 0.991
0.000 0.993 0.000 0.005 0.002
0.990 0.000 0.003 0.000 0.007
0.013 0.006 0.000 0.000 0.982
0.000 0.001 0.002 0.996 0.000
0.000 0.002 0.006 0.993 0.000
0.007 0.007 0.000 0.000 0.987
0.000 0.001 0.008 0.991 0.000
0.000 0.992 0.000 0.002 0.006
0.004 0.902 0.049 0.018 0.027
0.000 0.991 0.000 0.002 0.007
0.016 0.001 0.000 0.000 0.984
0.005 0.007 0.000 0.000 0.988
0.000 0.992 0.000 0.005 0.003
0.005 0.001 0.990 0.004 0.001
0.011 0.006 0.000 0.000 0.984
0.019 0.006 0.000 0.000 0.975
0.000 0.988 0.001 0.004 0.007
0.000 0.992 0.000 0.006 0.001
0.988 0.000 0.002 0.000 0.010
0.000 0.993 0.000 0.003 0.004
0.989 0.000 0.009 0.000 0.002
0.000 0.985 0.001 0.010 0.004
0.000 0.001 0.002 0.997 0.000
0.005 0.001 0.989 0.004 0.001
0.000 0.005 0.006 0.988 0.000
0.988 0.000 0.003 0.000 0.010
0.000 0.992 0.000 0.002 0.005
0.000 0.006 0.003 0.991 0.000
0.987 0.000 0.005 0.000 0.007
0.004 0.009 0.000 0.000 0.986
0.000 0.002 0.009 0.989 0.000
0.005 0.000 0.992 0.003 0.000
0.003 0.000 0.994 0.002 0.000
0.000 0.000 0.004 0.996 0.000
0.000 0.010 0.004 0.986 0.000
0.987 0.000 0.002 0.000 0.011
0.004 0.000 0.992 0.003 0.000
0.013 0.004 0.000 0.000 0.983
0.000 0.009 0.002 0.989 0.000
0.002 0.946 0.020 0.013 0.019
0.000 0.026 0.004 0.970 0.000
0.000 0.992 0.000 0.001 0.006
0.006 0.009 0.000 0.000 0.985
0.025 0.008 0.000 0.000 0.966
0.000 0.983 0.001 0.016 0.001
0.988 0.000 0.004 0.000 0.008
0.000 0.991 0.000 0.007 0.002
0.991 0.000 0.003 0.000 0.006
0.000 0.005 0.002 0.993 0.000
0.004 0.001 0.987 0.006 0.001
0.003 0.000 0.994 0.002 0.000
0.013 0.004 0.975 0.006 0.002
0.008 0.001 0.988 0.002 0.001
0.020 0.001 0.976 0.002 0.001
0.012 0.006 0.000 0.000 0.983
0.005 0.009 0.000 0.000 0.986
0.993 0.000 0.001 0.000 0.005
0.001 0.960 0.009 0.006 0.024
0.015 0.001 0.981 0.002 0.001
0.000 0.986 0.001 0.004 0.007
0.011 0.006 0.000 0.000 0.983
0.000 0.008 0.004 0.989 0.000
0.000 0.001 0.002 0.998 0.000
0.993 0.000 0.003 0.000 0.004
0.000 0.002 0.005 0.994 0.000
0.000 0.986 0.001 0.012 0.001
0.989 0.000 0.003 0.000 0.008
0.008 0.006 0.000 0.000 0.986
0.989 0.000 0.003 0.000 0.007
0.014 0.018 0.000 0.000 0.968
0.007 0.006 0.000 0.000 0.987
0.009 0.008 0.000 0.000 0.983
0.000 0.001 0.003 0.996 0.000
0.005 0.000 0.992 0.003 0.000
0.001 0.000 0.984 0.014 0.000
0.004 0.007 0.000 0.000 0.988
0.992 0.000 0.003 0.000 0.005
0.004 0.000 0.994 0.002 0.000
0.000 0.991 0.000 0.001 0.007
0.000 0.003 0.008 0.989 0.000
0.006 0.011 0.000 0.000 0.983
0.993 0.000 0.002 0.000 0.005
0.000 0.001 0.003 0.996 0.000
0.001 0.977 0.004 0.007 0.011
0.000 0.000 0.003 0.997 0.000
0.000 0.003 0.002 0.995 0.000
0.000 0.010 0.011 0.979 0.000
0.009 0.003 0.000 0.000 0.988
0.000 0.001 0.004 0.995 0.000
0.000 0.992 0.000 0.004 0.003
0.985 0.000 0.009 0.000 0.006
0.013 0.000 0.985 0.001 0.000
0.987 0.000 0.004 0.000 0.010
0.007 0.007 0.000 0.000 0.986
0.000 0.005 0.017 0.977 0.000
0.011 0.002 0.981 0.004 0.001
0.988 0.000 0.005 0.000 0.007
0.000 0.987 0.001 0.004 0.008
0.000 0.992 0.000 0.006 0.002
0.000 0.987 0.001 0.004 0.008
0.000 0.002 0.019 0.979 0.000
0.000 0.009 0.027 0.964 0.000
0.020 0.005 0.000 0.000 0.975
0.000 0.989 0.001 0.008 0.002
0.000 0.008 0.009 0.982 0.000
0.063 0.007 0.922 0.003 0.005
0.000 0.991 0.001 0.004 0.004
0.000 0.001 0.004 0.996 0.000
0.000 0.002 0.004 0.994 0.000
0.006 0.008 0.000 0.000 0.986
0.000 0.037 0.039 0.923 0.000
0.988 0.000 0.007 0.000 0.005
0.007 0.007 0.000 0.000 0.986
0.007 0.001 0.988 0.003 0.001
0.008 0.186 0.717 0.081 0.008
0.000 0.006 0.006 0.988 0.000
0.002 0.000 0.991 0.006 0.000
0.007 0.007 0.000 0.000 0.986
0.006 0.000 0.990 0.003 0.000
0.000 0.003 0.008 0.988 0.000
0.987 0.000 0.003 0.000 0.009
0.993 0.000 0.002 0.000 0.005
0.001 0.957 0.006 0.005 0.032
0.000 0.989 0.001 0.005 0.005
0.968 0.000 0.029 0.000 0.003
0.005 0.006 0.000 0.000 0.989
0.000 0.991 0.001 0.005 0.003
0.005 0.007 0.000 0.000 0.988
0.000 0.001 0.004 0.995 0.000
0.967 0.000 0.029 0.000 0.004
0.991 0.000 0.004 0.000 0.006
0.000 0.005 0.014 0.982 0.000
0.000 0.003 0.004 0.993 0.000
0.004 0.000 0.994 0.002 0.000
0.005 0.006 0.000 0.000 0.989
0.009 0.001 0.986 0.003 0.001
0.002 0.951 0.016 0.019 0.013
0.003 0.000 0.992 0.004 0.000
0.000 0.012 0.003 0.985 0.000
0.000 0.006 0.005 0.989 0.000
0.000 0.984 0.002 0.011 0.003
0.000 0.993 0.000 0.002 0.005
0.991 0.000 0.004 0.000 0.005
0.004 0.000 0.994 0.002 0.000
0.005 0.010 0.000 0.000 0.985
0.988 0.000 0.003 0.000 0.009
0.988 0.000 0.005 0.000 0.007
0.002 0.000 0.986 0.011 0.000
0.001 0.973 0.005 0.010 0.011
0.007 0.000 0.990 0.003 0.000
0.008 0.006 0.000 0.000 0.986
0.006 0.001 0.989 0.004 0.001
0.000 0.006 0.004 0.990 0.000
0.000 0.993 0.000 0.002 0.005
0.007 0.006 0.000 0.000 0.987
0.020 0.001 0.975 0.002 0.001
0.000 0.005 0.003 0.991 0.000
0.000 0.003 0.004 0.993 0.000
0.008 0.001 0.000 0.000 0.991
0.000 0.003 0.005 0.992 0.000
0.010 0.006 0.000 0.000 0.984
0.006 0.000 0.991 0.002 0.000
0.010 0.005 0.000 0.000 0.985
0.006 0.006 0.000 0.000 0.988
0.000 0.001 0.004 0.994 0.000
0.006 0.000 0.990 0.002 0.000
0.001 0.964 0.009 0.008 0.017
0.000 0.987 0.001 0.005 0.007
0.008 0.009 0.000 0.000 0.983
0.994 0.000 0.002 0.000 0.005
0.004 0.000 0.994 0.002 0.000
0.990 0.000 0.002 0.000 0.009
0.000 0.992 0.000 0.005 0.002
0.005 0.001 0.988 0.005 0.001
0.000 0.993 0.000 0.002 0.005
0.000 0.006 0.015 0.979 0.000
0.010 0.001 0.986 0.002 0.001
0.006 0.006 0.000 0.000 0.988
0.000 0.038 0.004 0.958 0.000
0.845 0.002 0.064 0.001 0.087
0.989 0.000 0.002 0.000 0.008
0.000 0.992 0.000 0.005 0.002
0.000 0.002 0.002 0.996 0.000
0.007 0.006 0.000 0.000 0.987
0.007 0.001 0.989 0.003 0.001
0.001 0.976 0.003 0.005 0.016
0.007 0.138 0.769 0.079 0.007
0.007 0.005 0.000 0.000 0.988
0.987 0.000 0.005 0.000 0.008
0.004 0.000 0.994 0.002 0.000
0.000 0.001 0.007 0.992 0.000
0.988 0.000 0.003 0.000 0.008
0.000 0.994 0.000 0.004 0.002
0.008 0.005 0.000 0.000 0.986
0.000 0.001 0.003 0.996 0.000
0.007 0.004 0.000 0.000 0.989
0.013 0.006 0.000 0.000 0.982
0.000 0.001 0.002 0.997 0.000
0.001 0.968 0.007 0.007 0.016
0.010 0.005 0.000 0.000 0.984
0.990 0.000 0.004 0.000 0.006
0.006 0.006 0.000 0.000 0.989
0.003 0.000 0.994 0.003 0.000
0.007 0.000 0.990 0.002 0.000
0.002 0.000 0.989 0.009 0.000
0.003 0.001 0.988 0.008 0.001
0.000 0.003 0.006 0.991 0.000
0.000 0.003 0.002 0.995 0.000
0.000 0.005 0.005 0.990 0.000
0.001 0.968 0.007 0.008 0.017
0.001 0.900 0.015 0.082 0.002
0.989 0.000 0.005 0.000 0.006
0.028 0.002 0.000 0.000 0.970
0.990 0.000 0.007 0.000 0.003
0.004 0.000 0.992 0.004 0.000
0.002 0.947 0.017 0.024 0.010
0.009 0.005 0.000 0.000 0.986
0.015 0.003 0.000 0.000 0.982
0.007 0.000 0.990 0.003 0.000
0.986 0.000 0.012 0.000 0.002
0.007 0.007 0.000 0.000 0.986
0.009 0.005 0.000 0.000 0.985
0.005 0.001 0.988 0.005 0.001
0.006 0.001 0.989 0.004 0.000
0.011 0.036 0.926 0.022 0.005
0.000 0.007 0.010 0.983 0.000
0.000 0.001 0.004 0.995 0.000
0.000 0.993 0.000 0.003 0.004
0.001 0.977 0.004 0.006 0.012
0.989 0.000 0.005 0.000 0.006
0.000 0.009 0.003 0.988 0.000
0.986 0.000 0.002 0.000 0.012
0.000 0.002 0.003 0.995 0.000
0.000 0.985 0.001 0.012 0.002
0.000 0.993 0.000 0.002 0.005
0.002 0.000 0.989 0.008 0.000
0.005 0.001 0.989 0.004 0.001
0.000 0.987 0.001 0.011 0.001
0.003 0.000 0.992 0.004 0.000
0.002 0.000 0.993 0.005 0.000
0.971 0.000 0.004 0.000 0.025
0.001 0.975 0.005 0.007 0.013
0.000 0.004 0.014 0.982 0.000
0.006 0.000 0.992 0.002 0.000
0.004 0.000 0.994 0.002 0.000
0.012 0.000 0.986 0.001 0.000
0.990 0.000 0.007 0.000 0.003
0.000 0.993 0.000 0.005 0.002
0.000 0.968 0.001 0.029 0.001
0.986 0.000 0.013 0.000 0.002
0.002 0.000 0.991 0.007 0.000
0.056 0.004 0.000 0.000 0.940
0.004 0.837 0.077 0.072 0.010
0.006 0.006 0.000 0.000 0.988
0.968 0.000 0.011 0.000 0.021
0.000 0.002 0.003 0.994 0.000
0.014 0.001 0.982 0.002 0.001
0.006 0.006 0.000 0.000 0.988
0.003 0.000 0.994 0.002 0.000
0.000 0.001 0.005 0.994 0.000
0.005 0.000 0.992 0.003 0.000
0.000 0.989 0.001 0.004 0.005
0.003 0.000 0.992 0.004 0.000
0.010 0.006 0.000 0.000 0.984
0.006 0.005 0.000 0.000 0.989
0.000 0.994 0.000 0.001 0.005
0.005 0.002 0.980 0.012 0.001
0.013 0.006 0.000 0.000 0.981
0.000 0.993 0.000 0.005 0.002
0.000 0.005 0.004 0.992 0.000
0.000 0.003 0.003 0.993 0.000
0.000 0.993 0.000 0.005 0.002
0.991 0.000 0.001 0.000 0.007
0.007 0.005 0.000 0.000 0.988
0.000 0.002 0.007 0.991 0.000
0.020 0.001 0.977 0.001 0.001
0.000 0.005 0.006 0.989 0.000
0.014 0.001 0.981 0.003 0.001
0.991 0.000 0.001 0.000 0.008
0.000 0.991 0.000 0.008 0.001
0.007 0.006 0.000 0.000 0.987
0.004 0.000 0.992 0.003 0.000
0.991 0.000 0.004 0.000 0.005
0.048 0.002 0.947 0.002 0.002
0.001 0.127 0.135 0.736 0.001
0.004 0.000 0.992 0.003 0.000
0.003 0.000 0.990 0.007 0.000
0.957 0.000 0.024 0.000 0.018
0.990 0.000 0.006 0.000 0.004
0.007 0.006 0.000 0.000 0.986
0.988 0.000 0.004 0.000 0.008
0.004 0.001 0.987 0.008 0.001
0.008 0.007 0.000 0.000 0.985
0.000 0.993 0.000 0.005 0.002
0.005 0.007 0.000 0.000 0.988
0.019 0.003 0.973 0.003 0.002
0.007 0.005 0.000 0.000 0.988
0.000 0.003 0.004 0.994 0.000
0.010 0.006 0.000 0.000 0.984
0.019 0.005 0.000 0.000 0.975
0.008 0.002 0.980 0.008 0.001
0.004 0.005 0.000 0.000 0.991
0.003 0.928 0.025 0.008 0.037
0.007 0.006 0.000 0.000 0.987
0.000 0.000 0.003 0.997 0.000
0.991 0.000 0.003 0.000 0.006
0.018 0.004 0.000 0.000 0.978
0.001 0.976 0.004 0.008 0.012
0.000 0.003 0.006 0.991 0.000
0.000 0.001 0.004 0.995 0.000
0.006 0.007 0.000 0.000 0.988
0.000 0.001 0.003 0.997 0.000
0.000 0.992 0.000 0.002 0.006
0.000 0.004 0.012 0.984 0.000
0.000 0.003 0.010 0.987 0.000
0.000 0.992 0.000 0.005 0.002
0.990 0.000 0.001 0.000 0.008
0.000 0.987 0.001 0.002 0.010
0.000 0.001 0.003 0.996 0.000
0.022 0.003 0.969 0.004 0.002
0.000 0.992 0.000 0.005 0.002
0.000 0.001 0.002 0.997 0.000
0.000 0.012 0.022 0.966 0.000
0.000 0.005 0.003 0.992 0.000
0.983 0.000 0.013 0.000 0.003
0.987 0.000 0.002 0.000 0.011
0.000 0.981 0.001 0.002 0.016
0.015 0.004 0.000 0.000 0.981
0.004 0.000 0.991 0.005 0.000
0.005 0.000 0.992 0.002 0.000
0.987 0.000 0.004 0.000 0.009
0.000 0.003 0.005 0.993 0.000
0.988 0.000 0.005 0.000 0.007
0.004 0.000 0.992 0.003 0.000
0.012 0.005 0.000 0.000 0.983
0.979 0.000 0.002 0.000 0.020
0.000 0.005 0.012 0.983 0.000
0.988 0.000 0.004 0.000 0.008
0.979 0.000 0.002 0.000 0.018
0.000 0.990 0.001 0.008 0.002
0.042 0.002 0.000 0.000 0.955
0.009 0.007 0.000 0.000 0.984
0.010 0.006 0.000 0.000 0.984
0.966 0.000 0.030 0.000 0.004
0.000 0.002 0.002 0.996 0.000
0.000 0.978 0.002 0.017 0.002
0.000 0.991 0.000 0.003 0.006
0.973 0.000 0.013 0.000 0.014
0.011 0.008 0.000 0.000 0.981
0.006 0.001 0.989 0.003 0.001
0.022 0.003 0.000 0.000 0.975
0.005 0.007 0.000 0.000 0.988
0.000 0.992 0.000 0.004 0.003
0.009 0.007 0.000 0.000 0.984
0.005 0.006 0.000 0.000 0.988
0.000 0.003 0.002 0.995 0.000
0.007 0.006 0.000 0.000 0.987
0.015 0.001 0.000 0.000 0.984
0.015 0.006 0.969 0.008 0.002
0.003 0.001 0.988 0.009 0.001
0.000 0.992 0.000 0.005 0.002
0.000 0.994 0.000 0.004 0.002
0.000 0.001 0.003 0.996 0.000
0.000 0.993 0.000 0.005 0.002
0.007 0.005 0.000 0.000 0.987
0.000 0.008 0.007 0.985 0.000
0.009 0.001 0.988 0.002 0.001
0.001 0.975 0.002 0.003 0.019
0.000 0.990 0.001 0.004 0.006
0.006 0.000 0.992 0.002 0.000
0.009 0.006 0.000 0.000 0.985
0.007 0.001 0.988 0.003 0.001
0.004 0.000 0.993 0.003 0.000
0.000 0.002 0.003 0.996 0.000
0.002 0.001 0.985 0.011 0.001
0.005 0.007 0.000 0.000 0.988
0.000 0.000 0.004 0.995 0.000
0.989 0.000 0.004 0.000 0.007
0.010 0.001 0.000 0.000 0.990
0.992 0.000 0.001 0.000 0.007
0.009 0.005 0.000 0.000 0.985
0.000 0.010 0.003 0.987 0.000
0.000 0.989 0.001 0.004 0.006
0.086 0.001 0.000 0.000 0.913
0.967 0.000 0.029 0.000 0.004
0.007 0.007 0.000 0.000 0.986
0.000 0.044 0.008 0.947 0.000
0.988 0.000 0.004 0.000 0.009
0.975 0.000 0.021 0.000 0.004
0.000 0.009 0.009 0.983 0.000
0.010 0.003 0.000 0.000 0.987
0.000 0.004 0.004 0.992 0.000
0.006 0.000 0.991 0.002 0.000
0.008 0.001 0.988 0.002 0.001
0.000 0.000 0.003 0.997 0.000
0.000 0.001 0.004 0.995 0.000
0.006 0.008 0.000 0.000 0.987
0.004 0.009 0.000 0.000 0.986
0.000 0.000 0.004 0.996 0.000
0.991 0.000 0.002 0.000 0.007
0.989 0.000 0.004 0.000 0.007
0.005 0.000 0.991 0.003 0.000
0.000 0.992 0.000 0.005 0.002
0.004 0.000 0.993 0.003 0.000
0.000 0.988 0.000 0.000 0.012
0.993 0.000 0.002 0.000 0.005
0.000 0.990 0.001 0.005 0.004
0.000 0.988 0.001 0.004 0.007
0.000 0.992 0.000 0.002 0.006
0.000 0.993 0.000 0.005 0.002
0.010 0.007 0.000 0.000 0.984
0.007 0.006 0.000 0.000 0.987
0.000 0.007 0.004 0.990 0.000
0.010 0.003 0.979 0.007 0.002
0.005 0.007 0.000 0.000 0.988
0.015 0.005 0.000 0.000 0.980
0.030 0.001 0.967 0.001 0.001
0.000 0.993 0.000 0.002 0.005
0.006 0.007 0.000 0.000 0.987
0.003 0.000 0.992 0.004 0.000
0.000 0.991 0.000 0.007 0.002
0.010 0.009 0.000 0.000 0.982
0.004 0.000 0.994 0.002 0.000
0.000 0.051 0.011 0.938 0.000
0.038 0.003 0.955 0.002 0.002
0.002 0.000 0.984 0.014 0.000
0.987 0.000 0.004 0.000 0.009
0.004 0.004 0.971 0.020 0.001
0.005 0.000 0.993 0.002 0.000
0.979 0.000 0.009 0.000 0.012
0.000 0.983 0.001 0.014 0.002
0.006 0.000 0.991 0.003 0.000
0.000 0.001 0.003 0.996 0.000
0.990 0.000 0.003 0.000 0.006
0.000 0.992 0.000 0.002 0.006
0.001 0.980 0.002 0.015 0.002
0.000 0.005 0.005 0.989 0.000
0.995 0.000 0.002 0.000 0.003
0.013 0.006 0.000 0.000 0.981
0.053 0.002 0.942 0.002 0.002
0.968 0.000 0.028 0.000 0.004
0.021 0.005 0.000 0.000 0.974
0.000 0.991 0.000 0.005 0.003
0.006 0.007 0.000 0.000 0.987
0.822 0.003 0.043 0.001 0.132
0.989 0.000 0.002 0.000 0.009
0.015 0.001 0.980 0.003 0.001
0.005 0.008 0.000 0.000 0.988
0.000 0.005 0.016 0.979 0.000
0.005 0.007 0.000 0.000 0.988
0.009 0.005 0.000 0.000 0.986
0.985 0.000 0.001 0.000 0.014
0.000 0.989 0.001 0.006 0.004
0.987 0.000 0.007 0.000 0.006
0.990 0.000 0.003 0.000 0.006
0.000 0.002 0.004 0.994 0.000
0.001 0.000 0.967 0.032 0.000
0.010 0.006 0.000 0.000 0.984
0.001 0.979 0.003 0.006 0.011
0.993 0.000 0.002 0.000 0.005
0.010 0.006 0.000 0.000 0.984
0.989 0.000 0.004 0.000 0.008
0.987 0.000 0.004 0.000 0.010
0.025 0.000 0.000 0.000 0.975
0.989 0.000 0.003 0.000 0.008
0.000 0.004 0.003 0.993 0.000
0.000 0.005 0.006 0.989 0.000
0.994 0.000 0.002 0.000 0.005
0.000 0.994 0.000 0.004 0.001
0.000 0.011 0.016 0.973 0.000
0.980 0.000 0.005 0.000 0.015
0.993 0.000 0.002 0.000 0.005
0.003 0.001 0.988 0.008 0.001
0.994 0.000 0.003 0.000 0.004
0.001 0.279 0.055 0.664 0.001
0.965 0.000 0.024 0.000 0.011
0.000 0.002 0.005 0.993 0.000
0.000 0.994 0.000 0.003 0.003
0.005 0.007 0.000 0.000 0.988
0.008 0.004 0.000 0.000 0.988
0.015 0.001 0.982 0.001 0.001
0.000 0.993 0.000 0.004 0.003
0.005 0.007 0.000 0.000 0.988
0.985 0.000 0.007 0.000 0.008
0.015 0.001 0.982 0.001 0.001
0.987 0.000 0.002 0.000 0.011
0.000 0.991 0.000 0.004 0.005
0.007 0.006 0.000 0.000 0.987
0.990 0.000 0.002 0.000 0.008
0.987 0.000 0.002 0.000 0.012
0.000 0.000 0.003 0.997 0.000
0.000 0.988 0.001 0.008 0.002
0.000 0.002 0.020 0.978 0.000
0.008 0.001 0.988 0.003 0.001
0.004 0.000 0.992 0.003 0.000
0.000 0.009 0.005 0.987 0.000
0.019 0.007 0.964 0.006 0.003
0.011 0.004 0.000 0.000 0.985
0.975 0.000 0.002 0.000 0.023
0.993 0.000 0.002 0.000 0.005
0.004 0.000 0.991 0.005 0.000
0.007 0.006 0.000 0.000 0.987
0.000 0.987 0.001 0.008 0.003
0.000 0.993 0.000 0.004 0.002
0.006 0.008 0.964 0.020 0.002
0.000 0.988 0.000 0.001 0.011
0.019 0.053 0.905 0.015 0.009
0.002 0.001 0.988 0.008 0.001
0.001 0.000 0.987 0.011 0.000
0.007 0.006 0.000 0.000 0.987
0.988 0.000 0.002 0.000 0.010
0.003 0.002 0.978 0.016 0.001
0.013 0.004 0.000 0.000 0.983
0.000 0.006 0.001 0.993 0.000
0.001 0.980 0.002 0.005 0.013
0.000 0.007 0.005 0.988 0.000
0.988 0.000 0.001 0.000 0.010
0.005 0.001 0.986 0.006 0.001
0.005 0.000 0.992 0.003 0.000
0.000 0.982 0.001 0.016 0.001
0.000 0.989 0.000 0.009 0.001
0.000 0.000 0.004 0.996 0.000
0.007 0.005 0.000 0.000 0.989
0.000 0.005 0.003 0.992 0.000
0.007 0.006 0.000 0.000 0.987
0.006 0.007 0.000 0.000 0.986
0.985 0.000 0.005 0.000 0.010
0.000 0.005 0.008 0.987 0.000
0.008 0.001 0.988 0.002 0.001
0.009 0.001 0.986 0.003 0.001
0.000 0.004 0.005 0.991 0.000
0.991 0.000 0.002 0.000 0.006
0.983 0.000 0.006 0.000 0.011
0.000 0.966 0.002 0.031 0.001
0.006 0.005 0.000 0.000 0.989
0.020 0.001 0.978 0.001 0.001
0.015 0.000 0.984 0.001 0.000
0.000 0.009 0.002 0.989 0.000
0.010 0.006 0.000 0.000 0.984
0.994 0.000 0.005 0.000 0.001
0.021 0.002 0.972 0.004 0.002
0.005 0.002 0.979 0.013 0.001
0.989 0.000 0.005 0.000 0.006
0.000 0.005 0.004 0.991 0.000
0.000 0.001 0.004 0.995 0.000
0.004 0.000 0.992 0.004 0.000
0.989 0.000 0.009 0.000 0.002
0.988 0.000 0.002 0.000 0.010
0.001 0.979 0.003 0.006 0.010
0.015 0.058 0.896 0.021 0.009
0.000 0.993 0.000 0.004 0.002
0.009 0.008 0.000 0.000 0.983
0.002 0.001 0.983 0.013 0.001
0.000 0.001 0.004 0.995 0.000
0.058 0.001 0.939 0.001 0.001
0.001 0.979 0.001 0.002 0.017
0.994 0.000 0.002 0.000 0.004
0.989 0.000 0.003 0.000 0.008
0.990 0.000 0.003 0.000 0.007
0.000 0.002 0.009 0.989 0.000
0.989 0.000 0.005 0.000 0.006
0.000 0.006 0.008 0.986 0.000
0.000 0.991 0.000 0.005 0.003
0.000 0.007 0.008 0.985 0.000
0.002 0.001 0.988 0.008 0.001
0.007 0.007 0.000 0.000 0.986
0.001 0.976 0.004 0.011 0.009
0.989 0.000 0.004 0.000 0.007
0.004 0.000 0.992 0.003 0.000
0.014 0.002 0.978 0.004 0.001
0.010 0.006 0.000 0.000 0.985
0.000 0.001 0.006 0.993 0.000
0.000 0.983 0.000 0.001 0.015
0.000 0.001 0.003 0.996 0.000
0.000 0.991 0.000 0.002 0.006
0.010 0.005 0.000 0.000 0.985
0.004 0.000 0.993 0.003 0.000
0.000 0.003 0.019 0.978 0.000
0.993 0.000 0.002 0.000 0.004
0.002 0.940 0.024 0.019 0.015
0.018 0.004 0.000 0.000 0.978
0.004 0.000 0.992 0.004 0.000
0.018 0.006 0.000 0.000 0.976
0.000 0.003 0.024 0.973 0.000
0.000 0.006 0.018 0.976 0.000
0.016 0.004 0.000 0.000 0.980
0.988 0.000 0.005 0.000 0.007
0.991 0.000 0.001 0.000 0.008
0.066 0.001 0.930 0.001 0.001
0.002 0.000 0.987 0.011 0.000
0.005 0.007 0.000 0.000 0.989
0.000 0.989 0.000 0.002 0.008
0.986 0.000 0.009 0.000 0.005
0.979 0.000 0.003 0.000 0.018
0.000 0.994 0.000 0.004 0.002
0.000 0.992 0.000 0.003 0.005
0.015 0.005 0.000 0.000 0.980
0.000 0.990 0.001 0.007 0.002
0.990 0.000 0.001 0.000 0.009
0.000 0.007 0.002 0.991 0.000
0.005 0.010 0.000 0.000 0.985
0.000 0.004 0.006 0.989 0.000
0.000 0.991 0.000 0.007 0.002
0.004 0.001 0.987 0.008 0.001
0.000 0.989 0.001 0.003 0.007
0.009 0.007 0.000 0.000 0.984
0.006 0.000 0.991 0.002 0.000
0.000 0.001 0.003 0.996 0.000
0.013 0.063 0.893 0.024 0.007
0.001 0.969 0.003 0.003 0.024
0.988 0.000 0.004 0.000 0.008
0.907 0.001 0.025 0.000 0.067
0.000 0.993 0.000 0.005 0.002
0.000 0.004 0.003 0.993 0.000
0.967 0.000 0.029 0.000 0.004
0.000 0.988 0.001 0.009 0.002
0.008 0.000 0.989 0.002 0.000
0.000 0.013 0.006 0.980 0.000
0.986 0.000 0.012 0.000 0.002
0.990 0.000 0.004 0.000 0.006
0.001 0.981 0.002 0.007 0.009
0.015 0.004 0.000 0.000 0.982
0.985 0.000 0.009 0.000 0.006
0.000 0.989 0.001 0.004 0.006
0.000 0.001 0.003 0.996 0.000
0.000 0.986 0.000 0.012 0.001
0.000 0.989 0.000 0.002 0.008
0.991 0.000 0.004 0.000 0.005
0.022 0.000 0.000 0.000 0.977
0.007 0.006 0.000 0.000 0.987
0.990 0.000 0.003 0.000 0.006
0.000 0.992 0.000 0.005 0.003
0.001 0.002 0.965 0.031 0.001
0.994 0.000 0.002 0.000 0.003
0.000 0.000 0.005 0.995 0.000
0.004 0.001 0.987 0.007 0.001
0.004 0.000 0.991 0.004 0.000
0.005 0.006 0.000 0.000 0.988
0.079 0.004 0.000 0.000 0.916
0.000 0.993 0.000 0.003 0.003
0.000 0.000 0.003 0.997 0.000
0.995 0.000 0.002 0.000 0.003
0.025 0.002 0.000 0.000 0.973
0.007 0.008 0.000 0.000 0.984
0.006 0.000 0.990 0.003 0.000
0.008 0.002 0.983 0.005 0.001
0.009 0.004 0.000 0.000 0.987
0.000 0.991 0.000 0.007 0.002
0.003 0.002 0.974 0.020 0.001
0.990 0.000 0.002 0.000 0.008
0.991 0.000 0.002 0.000 0.007
0.010 0.006 0.000 0.000 0.984
0.989 0.000 0.004 0.000 0.006
0.006 0.001 0.988 0.004 0.001
0.000 0.993 0.000 0.002 0.004
0.988 0.000 0.004 0.000 0.008
0.000 0.991 0.000 0.007 0.002
0.010 0.032 0.929 0.024 0.005
0.008 0.004 0.000 0.000 0.987
0.013 0.005 0.000 0.000 0.982
0.000 0.001 0.004 0.995 0.000
0.006 0.005 0.000 0.000 0.989
0.006 0.005 0.972 0.015 0.002
0.000 0.001 0.004 0.995 0.000
0.001 0.970 0.005 0.005 0.019
0.001 0.981 0.002 0.004 0.013
0.007 0.007 0.000 0.000 0.987
0.005 0.007 0.000 0.000 0.987
0.973 0.000 0.023 0.000 0.004
0.000 0.991 0.000 0.001 0.007
0.004 0.000 0.992 0.004 0.000
0.001 0.980 0.002 0.003 0.014
0.004 0.000 0.991 0.004 0.000
0.993 0.000 0.002 0.000 0.004
0.016 0.007 0.968 0.007 0.002
0.008 0.007 0.000 0.000 0.985
0.000 0.992 0.001 0.004 0.004
0.012 0.002 0.981 0.004 0.001
0.000 0.006 0.007 0.987 0.000
0.001 0.976 0.004 0.009 0.010
0.000 0.003 0.006 0.991 0.000
0.010 0.006 0.000 0.000 0.984
0.987 0.000 0.004 0.000 0.009
0.005 0.008 0.000 0.000 0.987
0.005 0.001 0.988 0.006 0.001
0.007 0.006 0.000 0.000 0.987
0.011 0.006 0.000 0.000 0.982
0.003 0.000 0.991 0.005 0.000
0.004 0.000 0.992 0.003 0.000
0.000 0.012 0.005 0.983 0.000
0.010 0.007 0.000 0.000 0.983
0.991 0.000 0.003 0.000 0.007
0.015 0.026 0.940 0.014 0.005
0.966 0.000 0.030 0.000 0.004
0.018 0.000 0.000 0.000 0.981
0.000 0.990 0.000 0.007 0.002
0.000 0.993 0.000 0.004 0.003
0.000 0.991 0.000 0.002 0.006
0.005 0.000 0.992 0.003 0.000
0.015 0.001 0.982 0.002 0.001
0.000 0.001 0.002 0.998 0.000
0.968 0.000 0.021 0.000 0.011
0.000 0.000 0.002 0.997 0.000
0.006 0.005 0.000 0.000 0.988
0.014 0.003 0.977 0.006 0.002
0.000 0.002 0.007 0.991 0.000
0.006 0.005 0.000 0.000 0.989
0.000 0.017 0.005 0.978 0.000
0.015 0.003 0.975 0.005 0.002
0.001 0.974 0.006 0.011 0.009
0.000 0.013 0.003 0.984 0.000
0.990 0.000 0.002 0.000 0.008
0.000 0.987 0.001 0.006 0.005
0.000 0.001 0.005 0.994 0.000
0.004 0.010 0.000 0.000 0.986
0.002 0.945 0.021 0.022 0.011
0.987 0.000 0.004 0.000 0.009
0.980 0.000 0.015 0.000 0.004
0.989 0.000 0.003 0.000 0.007
0.007 0.007 0.000 0.000 0.986
0.004 0.001 0.990 0.005 0.001
0.990 0.000 0.002 0.000 0.008
0.000 0.990 0.000 0.002 0.007
0.993 0.000 0.003 0.000 0.004
0.007 0.000 0.990 0.002 0.000
0.001 0.000 0.981 0.017 0.000
0.000 0.004 0.004 0.992 0.000
0.000 0.990 0.000 0.008 0.002
0.000 0.989 0.001 0.002 0.008
0.000 0.004 0.004 0.992 0.000
0.988 0.000 0.003 0.000 0.009
0.989 0.000 0.003 0.000 0.007
0.993 0.000 0.003 0.000 0.004
0.000 0.992 0.000 0.003 0.005
0.006 0.006 0.000 0.000 0.989
0.000 0.003 0.011 0.986 0.000
0.008 0.005 0.000 0.000 0.987
0.989 0.000 0.003 0.000 0.008
0.005 0.007 0.000 0.000 0.988
0.000 0.992 0.000 0.002 0.005
0.001 0.961 0.007 0.026 0.005
0.001 0.975 0.003 0.004 0.017
0.994 0.000 0.002 0.000 0.005
0.000 0.993 0.000 0.005 0.002
0.000 0.004 0.006 0.990 0.000
0.991 0.000 0.006 0.000 0.002
0.985 0.000 0.004 0.000 0.011
0.994 0.000 0.004 0.000 0.002
0.014 0.007 0.000 0.000 0.980
0.000 0.002 0.005 0.993 0.000
0.000 0.003 0.006 0.991 0.000
0.000 0.003 0.014 0.983 0.000
0.001 0.983 0.002 0.006 0.008
0.005 0.000 0.991 0.003 0.000
0.000 0.004 0.005 0.991 0.000
0.984 0.000 0.002 0.000 0.015
0.000 0.007 0.007 0.986 0.000
0.006 0.009 0.000 0.000 0.985
0.005 0.006 0.000 0.000 0.989
0.007 0.000 0.989 0.002 0.000
0.000 0.002 0.003 0.994 0.000
0.982 0.000 0.017 0.000 0.001
0.003 0.911 0.039 0.034 0.013
0.001 0.961 0.009 0.007 0.022
0.005 0.002 0.983 0.008 0.001
0.987 0.000 0.002 0.000 0.011
0.004 0.000 0.992 0.004 0.000
0.009 0.007 0.000 0.000 0.984
0.000 0.000 0.003 0.997 0.000
0.000 0.002 0.002 0.995 0.000
0.993 0.000 0.002 0.000 0.005
0.988 0.000 0.004 0.000 0.009
0.988 0.000 0.004 0.000 0.008
0.012 0.001 0.984 0.003 0.001
0.000 0.975 0.002 0.021 0.002
0.007 0.007 0.000 0.000 0.986
0.989 0.000 0.002 0.000 0.009
0.987 0.000 0.001 0.000 0.012
0.991 0.000 0.003 0.000 0.006
0.006 0.006 0.000 0.000 0.988
0.003 0.000 0.994 0.002 0.000
0.013 0.005 0.000 0.000 0.981
0.009 0.005 0.000 0.000 0.986
0.000 0.992 0.000 0.006 0.002
0.991 0.000 0.002 0.000 0.007
0.000 0.002 0.006 0.993 0.000
0.007 0.006 0.000 0.000 0.988
0.000 0.007 0.007 0.985 0.000
0.000 0.004 0.017 0.978 0.000
0.007 0.006 0.000 0.000 0.987
0.000 0.001 0.003 0.996 0.000
0.990 0.000 0.002 0.000 0.009
0.000 0.002 0.005 0.994 0.000
0.000 0.990 0.000 0.007 0.002
0.002 0.000 0.986 0.012 0.000
0.003 0.000 0.993 0.003 0.000
0.009 0.006 0.000 0.000 0.985
0.000 0.005 0.005 0.990 0.000
0.006 0.010 0.000 0.000 0.984
0.000 0.987 0.000 0.001 0.011
0.019 0.001 0.977 0.002 0.001
0.017 0.004 0.000 0.000 0.979
0.002 0.001 0.980 0.015 0.001
0.001 0.965 0.008 0.008 0.018
0.000 0.992 0.000 0.006 0.002
0.000 0.030 0.001 0.969 0.000
0.000 0.010 0.007 0.983 0.000
0.000 0.992 0.000 0.005 0.002
0.006 0.004 0.000 0.000 0.990
0.993 0.000 0.004 0.000 0.003
0.000 0.988 0.001 0.003 0.008
0.990 0.000 0.003 0.000 0.007
0.000 0.984 0.001 0.012 0.003
0.009 0.008 0.000 0.000 0.983
0.005 0.000 0.992 0.002 0.000
0.000 0.993 0.000 0.003 0.004
0.982 0.000 0.002 0.000 0.016
0.000 0.013 0.007 0.979 0.000
0.007 0.007 0.000 0.000 0.987
0.000 0.004 0.013 0.983 0.000
0.988 0.000 0.003 0.000 0.009
0.000 0.001 0.005 0.994 0.000
0.990 0.000 0.002 0.000 0.008
0.002 0.000 0.992 0.006 0.000
0.005 0.001 0.988 0.005 0.001
0.033 0.000 0.965 0.001 0.000
0.003 0.000 0.992 0.005 0.000
0.000 0.001 0.006 0.993 0.000
0.988 0.000 0.008 0.000 0.004
0.987 0.000 0.003 0.000 0.009
0.988 0.000 0.002 0.000 0.010
0.005 0.007 0.000 0.000 0.989
0.005 0.001 0.988 0.005 0.001
0.991 0.000 0.002 0.000 0.007
0.009 0.001 0.988 0.002 0.001
0.010 0.005 0.000 0.000 0.985
0.000 0.002 0.008 0.990 0.000
0.987 0.000 0.002 0.000 0.011
0.006 0.008 0.000 0.000 0.986
0.993 0.000 0.003 0.000 0.004
0.991 0.000 0.007 0.000 0.001
0.000 0.988 0.001 0.003 0.008
0.000 0.002 0.003 0.994 0.000
0.987 0.000 0.003 0.000 0.010
0.007 0.007 0.000 0.000 0.987
0.000 0.989 0.001 0.003 0.006
0.000 0.000 0.002 0.998 0.000
0.967 0.000 0.029 0.000 0.004
0.022 0.001 0.974 0.002 0.001
0.000 0.008 0.003 0.989 0.000
0.004 0.013 0.000 0.000 0.983
0.992 0.000 0.004 0.000 0.005
0.027 0.011 0.952 0.006 0.004
0.994 0.000 0.004 0.000 0.002
0.006 0.000 0.990 0.003 0.000
0.990 0.000 0.003 0.000 0.007
0.000 0.008 0.021 0.971 0.000
0.000 0.987 0.001 0.002 0.010
0.004 0.000 0.993 0.002 0.000
0.001 0.967 0.008 0.009 0.015
0.005 0.010 0.000 0.000 0.985
0.000 0.985 0.001 0.002 0.012
0.004 0.000 0.994 0.002 0.000
0.993 0.000 0.003 0.000 0.004
0.008 0.005 0.000 0.000 0.986
0.000 0.990 0.000 0.001 0.009
0.005 0.000 0.990 0.003 0.000
0.001 0.131 0.134 0.733 0.001
0.008 0.008 0.000 0.000 0.984
0.973 0.000 0.005 0.000 0.022
0.992 0.000 0.003 0.000 0.006
0.000 0.001 0.003 0.996 0.000
0.007 0.007 0.000 0.000 0.986
0.000 0.011 0.016 0.973 0.000
0.008 0.005 0.000 0.000 0.987
0.000 0.987 0.001 0.005 0.007
0.002 0.923 0.031 0.035 0.009
0.008 0.003 0.000 0.000 0.989
0.007 0.006 0.000 0.000 0.987
0.007 0.001 0.989 0.003 0.001
0.030 0.001 0.000 0.000 0.969
0.006 0.006 0.000 0.000 0.988
0.988 0.000 0.004 0.000 0.008
0.993 0.000 0.001 0.000 0.006
0.016 0.004 0.000 0.000 0.980
0.007 0.007 0.000 0.000 0.986
0.005 0.000 0.992 0.003 0.000
0.000 0.003 0.004 0.993 0.000
0.000 0.992 0.000 0.006 0.002
0.989 0.000 0.003 0.000 0.008
0.007 0.007 0.000 0.000 0.986
0.017 0.004 0.000 0.000 0.979
0.000 0.989 0.000 0.009 0.001
0.000 0.008 0.012 0.980 0.000
0.000 0.010 0.002 0.988 0.000
0.000 0.989 0.001 0.003 0.007
0.000 0.010 0.003 0.986 0.000
0.000 0.001 0.003 0.996 0.000
0.000 0.000 0.002 0.997 0.000
0.000 0.002 0.002 0.995 0.000
0.029 0.001 0.967 0.002 0.001
0.001 0.970 0.006 0.006 0.017
0.007 0.006 0.000 0.000 0.987
0.020 0.003 0.000 0.000 0.977
0.990 0.000 0.004 0.000 0.006
0.010 0.006 0.000 0.000 0.984
0.003 0.001 0.988 0.007 0.001
0.975 0.000 0.022 0.000 0.003
0.000 0.002 0.006 0.992 0.000
0.013 0.005 0.000 0.000 0.982
0.985 0.000 0.012 0.000 0.003
0.004 0.000 0.994 0.002 0.000
0.000 0.002 0.004 0.994 0.000
0.007 0.005 0.000 0.000 0.988
0.000 0.992 0.000 0.004 0.003
0.000 0.001 0.011 0.988 0.000
0.000 0.009 0.003 0.988 0.000
0.000 0.001 0.007 0.992 0.000
0.010 0.001 0.986 0.002 0.001
0.000 0.005 0.012 0.982 0.000
0.000 0.967 0.001 0.031 0.001
0.040 0.001 0.957 0.001 0.001
0.000 0.986 0.001 0.002 0.011
0.000 0.992 0.000 0.006 0.002
0.989 0.000 0.004 0.000 0.007
0.990 0.000 0.007 0.000 0.003
0.014 0.004 0.000 0.000 0.981
0.005 0.007 0.000 0.000 0.989
0.000 0.980 0.001 0.017 0.001
0.984 0.000 0.003 0.000 0.012
0.981 0.000 0.002 0.000 0.017
0.014 0.001 0.982 0.002 0.001
0.009 0.008 0.000 0.000 0.983
0.008 0.007 0.000 0.000 0.985
0.988 0.000 0.006 0.000 0.006
0.004 0.000 0.994 0.002 0.000
0.009 0.001 0.986 0.003 0.001
0.000 0.011 0.019 0.970 0.000
0.000 0.992 0.000 0.005 0.002
0.000 0.993 0.000 0.005 0.002
0.000 0.991 0.000 0.007 0.002
0.000 0.991 0.000 0.001 0.008
0.003 0.000 0.992 0.004 0.000
0.990 0.000 0.002 0.000 0.008
0.012 0.005 0.000 0.000 0.983
0.000 0.990 0.000 0.007 0.002
0.006 0.008 0.000 0.000 0.986
0.002 0.000 0.989 0.009 0.000
0.000 0.003 0.007 0.991 0.000
0.000 0.991 0.000 0.006 0.002
0.000 0.991 0.000 0.007 0.002
0.992 0.000 0.003 0.000 0.005
0.000 0.003 0.009 0.988 0.000
0.007 0.130 0.788 0.068 0.007
0.013 0.006 0.000 0.000 0.982
0.000 0.991 0.001 0.005 0.003
0.005 0.007 0.000 0.000 0.988
0.000 0.993 0.000 0.004 0.002
0.989 0.000 0.004 0.000 0.007
0.000 0.006 0.004 0.990 0.000
0.008 0.000 0.989 0.002 0.000
0.000 0.993 0.000 0.003 0.003
0.000 0.993 0.000 0.003 0.004
0.980 0.000 0.005 0.000 0.015
0.006 0.007 0.000 0.000 0.987
0.989 0.000 0.008 0.000 0.003
0.987 0.000 0.002 0.000 0.011
0.983 0.000 0.008 0.000 0.008
0.988 0.000 0.003 0.000 0.009
0.000 0.007 0.003 0.990 0.000
0.013 0.007 0.000 0.000 0.980
0.005 0.001 0.989 0.005 0.001
0.000 0.001 0.004 0.995 0.000
0.008 0.006 0.000 0.000 0.986
0.000 0.993 0.000 0.004 0.003
0.006 0.008 0.000 0.000 0.986
0.002 0.000 0.992 0.005 0.000
0.686 0.006 0.033 0.001 0.274
0.000 0.990 0.000 0.002 0.008
0.010 0.006 0.000 0.000 0.984
0.937 0.000 0.005 0.000 0.058
0.000 0.004 0.004 0.992 0.000
0.000 0.003 0.005 0.992 0.000
0.003 0.000 0.994 0.002 0.000
0.006 0.001 0.989 0.004 0.001
0.000 0.002 0.009 0.989 0.000
0.000 0.990 0.001 0.003 0.006
0.001 0.979 0.003 0.006 0.011
0.000 0.993 0.000 0.002 0.005
0.001 0.710 0.007 0.282 0.001
0.012 0.008 0.000 0.000 0.980
0.990 0.000 0.005 0.000 0.006
0.011 0.006 0.000 0.000 0.983
0.982 0.000 0.010 0.000 0.008
0.000 0.990 0.001 0.002 0.007
0.007 0.001 0.989 0.003 0.001
0.986 0.000 0.002 0.000 0.012
0.005 0.001 0.986 0.007 0.001
0.000 0.010 0.004 0.986 0.000
0.000 0.992 0.000 0.006 0.002
0.989 0.000 0.003 0.000 0.008
0.005 0.038 0.890 0.063 0.004
0.001 0.000 0.984 0.014 0.000
0.000 0.993 0.000 0.005 0.002
0.000 0.001 0.003 0.997 0.000
0.006 0.001 0.989 0.004 0.000
0.000 0.005 0.009 0.985 0.000
0.000 0.007 0.017 0.975 0.000
0.010 0.006 0.000 0.000 0.984
0.007 0.008 0.000 0.000 0.985
0.006 0.006 0.000 0.000 0.987
0.001 0.853 0.014 0.131 0.001
0.001 0.973 0.004 0.016 0.006
0.013 0.001 0.983 0.002 0.001
0.988 0.000 0.001 0.000 0.011
0.989 0.000 0.004 0.000 0.007
0.006 0.057 0.875 0.058 0.005
0.000 0.009 0.004 0.987 0.000
0.000 0.993 0.000 0.005 0.002
0.014 0.004 0.000 0.000 0.982
0.003 0.012 0.000 0.000 0.984
0.000 0.989 0.001 0.003 0.007
0.000 0.988 0.001 0.002 0.009
0.006 0.001 0.988 0.004 0.001
0.018 0.004 0.000 0.000 0.978
0.994 0.000 0.002 0.000 0.005
0.005 0.057 0.869 0.064 0.005
0.000 0.991 0.000 0.002 0.006
0.004 0.000 0.993 0.003 0.000
0.000 0.012 0.021 0.967 0.000
0.002 0.475 0.100 0.421 0.002
0.989 0.000 0.002 0.000 0.008
0.989 0.000 0.005 0.000 0.006
0.005 0.000 0.990 0.004 0.000
0.015 0.003 0.000 0.000 0.981
0.008 0.001 0.987 0.004 0.001
0.000 0.993 0.000 0.003 0.004
0.033 0.003 0.000 0.000 0.965
0.009 0.000 0.988 0.002 0.000
0.992 0.000 0.001 0.000 0.007
0.010 0.006 0.000 0.000 0.984
0.000 0.989 0.000 0.008 0.002
0.000 0.003 0.023 0.974 0.000
0.000 0.001 0.003 0.996 0.000
0.000 0.000 0.003 0.997 0.000
0.000 0.988 0.001 0.010 0.002
0.000 0.002 0.006 0.992 0.000
0.000 0.012 0.011 0.976 0.000
0.000 0.001 0.004 0.995 0.000
0.000 0.992 0.000 0.002 0.006
0.007 0.006 0.000 0.000 0.987
0.006 0.001 0.988 0.004 0.001
0.000 0.989 0.000 0.009 0.002
0.003 0.001 0.985 0.010 0.001
0.991 0.000 0.003 0.000 0.006
0.000 0.006 0.006 0.987 0.000
0.000 0.989 0.000 0.009 0.002
0.989 0.000 0.003 0.000 0.008
0.010 0.006 0.000 0.000 0.984
0.000 0.004 0.008 0.988 0.000
0.007 0.001 0.988 0.003 0.001
0.033 0.000 0.965 0.001 0.000
0.000 0.007 0.006 0.987 0.000
0.000 0.990 0.000 0.002 0.008
0.000 0.990 0.001 0.007 0.002
0.002 0.001 0.986 0.011 0.001
0.003 0.927 0.031 0.015 0.024
0.006 0.001 0.988 0.005 0.001
0.966 0.000 0.020 0.000 0.014
0.006 0.008 0.000 0.000 0.986
0.090 0.001 0.000 0.000 0.909
0.009 0.005 0.000 0.000 0.986
0.000 0.981 0.002 0.015 0.002
0.000 0.991 0.001 0.005 0.003
0.985 0.000 0.007 0.000 0.008
0.994 0.000 0.002 0.000 0.003
0.987 0.000 0.002 0.000 0.011
0.002 0.957 0.011 0.022 0.009
0.000 0.001 0.004 0.995 0.000
0.013 0.014 0.000 0.000 0.973
0.005 0.008 0.000 0.000 0.988
0.000 0.992 0.000 0.005 0.002
0.008 0.005 0.000 0.000 0.987
0.991 0.000 0.004 0.000 0.005
0.000 0.002 0.007 0.991 0.000
0.008 0.001 0.986 0.004 0.001
0.004 0.000 0.994 0.002 0.000
0.008 0.006 0.000 0.000 0.985
0.000 0.004 0.009 0.986 0.000
0.001 0.957 0.005 0.034 0.003
0.000 0.001 0.003 0.995 0.000
0.000 0.002 0.006 0.992 0.000
0.000 0.003 0.010 0.988 0.000
0.010 0.006 0.000 0.000 0.984
0.007 0.006 0.000 0.000 0.987
0.987 0.000 0.009 0.000 0.003
0.000 0.993 0.000 0.004 0.002
0.988 0.000 0.002 0.000 0.010
0.011 0.005 0.000 0.000 0.984
0.043 0.003 0.948 0.003 0.003
0.000 0.992 0.001 0.005 0.003
0.000 0.000 0.004 0.996 0.000
0.000 0.002 0.003 0.995 0.000
0.990 0.000 0.004 0.000 0.006
0.987 0.000 0.003 0.000 0.009
0.991 0.000 0.002 0.000 0.008
0.990 0.000 0.005 0.000 0.006
0.000 0.002 0.003 0.994 0.000
0.018 0.005 0.000 0.000 0.977
0.000 0.001 0.006 0.992 0.000
0.000 0.990 0.000 0.002 0.007
0.992 0.000 0.002 0.000 0.006
0.006 0.007 0.000 0.000 0.987
0.987 0.000 0.003 0.000 0.010
0.000 0.991 0.000 0.006 0.002
0.000 0.003 0.008 0.989 0.000
0.007 0.006 0.000 0.000 0.987
0.008 0.006 0.000 0.000 0.986
0.010 0.005 0.000 0.000 0.985
0.028 0.002 0.966 0.003 0.002
