instance_904	0.0	1.0	0.0	0.0	0.0
instance_675	0.0	1.0	0.0	0.0	0.0
instance_1625	0.0	0.0	0.0	1.0	0.0
instance_1215	0.0	0.0	1.0	0.0	0.0
instance_2165	0.0	0.0	0.0	0.0	1.0
instance_2250	0.0	0.0	0.0	0.0	1.0
instance_2307	0.0	0.0	0.0	0.0	1.0
instance_1134	0.0	0.0	1.0	0.0	0.0
instance_1545	0.0	0.0	0.0	1.0	0.0
instance_872	0.0	1.0	0.0	0.0	0.0
instance_1593	0.0	0.0	0.0	1.0	0.0
instance_2404	0.0	0.0	0.0	0.0	1.0
instance_2482	0.0	0.0	0.0	0.0	1.0
instance_276	1.0	0.0	0.0	0.0	0.0
instance_418	1.0	0.0	0.0	0.0	0.0
instance_2232	0.0	0.0	0.0	0.0	1.0
instance_1206	0.0	0.0	1.0	0.0	0.0
instance_748	0.0	1.0	0.0	0.0	0.0
instance_2436	0.0	0.0	0.0	0.0	1.0
instance_455	1.0	0.0	0.0	0.0	0.0
instance_659	0.0	0.98	0.0	0.02	0.0
instance_1217	0.0	0.0	1.0	0.0	0.0
instance_926	0.0	1.0	0.0	0.0	0.0
instance_763	0.0	0.01	0.0	0.99	0.0
instance_956	0.0	1.0	0.0	0.0	0.0
instance_1424	0.0	0.0	1.0	0.0	0.0
instance_504	0.0	1.0	0.0	0.0	0.0
instance_1117	0.0	0.0	1.0	0.0	0.0
instance_28	1.0	0.0	0.0	0.0	0.0
instance_378	1.0	0.0	0.0	0.0	0.0
instance_391	1.0	0.0	0.0	0.0	0.0
instance_2335	0.0	0.0	0.0	0.0	1.0
instance_1760	0.0	0.0	0.0	1.0	0.0
instance_2462	0.0	0.0	0.0	0.0	1.0
instance_1615	0.0	0.0	0.0	1.0	0.0
instance_432	1.0	0.0	0.0	0.0	0.0
instance_885	0.0	1.0	0.0	0.0	0.0
instance_1609	0.0	0.0	0.0	1.0	0.0
instance_580	0.0	1.0	0.0	0.0	0.0
instance_1370	0.0	0.0	1.0	0.0	0.0
instance_215	1.0	0.0	0.0	0.0	0.0
instance_143	1.0	0.0	0.0	0.0	0.0
instance_1294	0.0	0.0	1.0	0.0	0.0
instance_292	1.0	0.0	0.0	0.0	0.0
instance_2072	0.0	0.0	0.0	0.0	1.0
instance_771	0.0	1.0	0.0	0.0	0.0
instance_843	0.0	1.0	0.0	0.0	0.0
instance_78	1.0	0.0	0.0	0.0	0.0
instance_22	1.0	0.0	0.0	0.0	0.0
instance_1138	0.0	0.0	1.0	0.0	0.0
instance_703	0.0	1.0	0.0	0.0	0.0
instance_264	1.0	0.0	0.0	0.0	0.0
instance_396	1.0	0.0	0.0	0.0	0.0
instance_1557	0.0	0.0	0.0	1.0	0.0
instance_317	1.0	0.0	0.0	0.0	0.0
instance_2082	0.0	0.0	0.0	0.0	1.0
instance_603	0.0	1.0	0.0	0.0	0.0
instance_1219	0.0	0.0	1.0	0.0	0.0
instance_1079	0.0	0.0	1.0	0.0	0.0
instance_320	1.0	0.0	0.0	0.0	0.0
instance_1401	0.0	0.0	1.0	0.0	0.0
instance_2238	0.0	0.0	0.0	0.0	1.0
instance_209	1.0	0.0	0.0	0.0	0.0
instance_1878	0.0	0.0	0.0	1.0	0.0
instance_406	1.0	0.0	0.0	0.0	0.0
instance_2398	0.0	0.0	0.0	0.0	1.0
instance_382	1.0	0.0	0.0	0.0	0.0
instance_1456	0.0	0.0	1.0	0.0	0.0
instance_548	0.0	1.0	0.0	0.0	0.0
instance_1159	0.0	0.0	1.0	0.0	0.0
instance_2317	0.0	0.0	0.0	0.0	1.0
instance_1168	0.0	0.0	1.0	0.0	0.0
instance_1232	0.0	0.0	1.0	0.0	0.0
instance_21	1.0	0.0	0.0	0.0	0.0
instance_1501	0.0	0.0	0.0	1.0	0.0
instance_61	1.0	0.0	0.0	0.0	0.0
instance_2199	0.0	0.0	0.0	0.0	1.0
instance_150	1.0	0.0	0.0	0.0	0.0
instance_1959	0.0	0.0	0.0	1.0	0.0
instance_2387	0.0	0.0	0.0	0.0	1.0
instance_359	1.0	0.0	0.0	0.0	0.0
instance_1120	0.0	0.0	1.0	0.0	0.0
instance_962	0.0	1.0	0.0	0.0	0.0
instance_1084	0.0	0.0	1.0	0.0	0.0
instance_1500	0.0	0.0	1.0	0.0	0.0
instance_2388	0.0	0.0	0.0	0.0	1.0
instance_1751	0.0	0.0	0.0	1.0	0.0
instance_2108	0.0	0.0	0.0	0.0	1.0
instance_2344	0.0	0.0	0.0	0.0	1.0
instance_1429	0.0	0.0	1.0	0.0	0.0
instance_368	1.0	0.0	0.0	0.0	0.0
instance_2329	0.0	0.0	0.0	0.0	1.0
instance_249	1.0	0.0	0.0	0.0	0.0
instance_2013	0.0	0.0	0.0	0.0	1.0
instance_1965	0.0	0.0	0.0	1.0	0.0
instance_619	0.0	1.0	0.0	0.0	0.0
instance_635	0.0	1.0	0.0	0.0	0.0
instance_788	0.0	1.0	0.0	0.0	0.0
instance_954	0.0	1.0	0.0	0.0	0.0
instance_258	1.0	0.0	0.0	0.0	0.0
instance_753	0.0	1.0	0.0	0.0	0.0
instance_1493	0.0	0.0	1.0	0.0	0.0
instance_1913	0.0	0.0	0.0	1.0	0.0
instance_2228	0.0	0.0	0.0	0.0	1.0
instance_1381	0.0	0.0	1.0	0.0	0.0
instance_1471	0.0	0.0	1.0	0.0	0.0
instance_1247	0.0	0.0	1.0	0.0	0.0
instance_840	0.0	1.0	0.0	0.0	0.0
instance_2275	0.0	0.0	0.0	0.0	1.0
instance_1734	0.0	0.0	0.0	1.0	0.0
instance_710	0.0	1.0	0.0	0.0	0.0
instance_1054	0.0	0.0	1.0	0.0	0.0
instance_362	1.0	0.0	0.0	0.0	0.0
instance_704	0.0	1.0	0.0	0.0	0.0
instance_93	1.0	0.0	0.0	0.0	0.0
instance_375	1.0	0.0	0.0	0.0	0.0
instance_1962	0.0	0.0	0.0	1.0	0.0
instance_2041	0.0	0.0	0.0	0.0	1.0
instance_1234	0.0	0.0	1.0	0.0	0.0
instance_1243	0.0	0.0	1.0	0.0	0.0
instance_1398	0.0	0.0	1.0	0.0	0.0
instance_1596	0.0	0.0	0.0	1.0	0.0
instance_1750	0.0	0.0	0.0	1.0	0.0
instance_29	1.0	0.0	0.0	0.0	0.0
instance_677	0.0	1.0	0.0	0.0	0.0
instance_1867	0.0	0.0	0.0	1.0	0.0
instance_1529	0.0	0.0	0.0	1.0	0.0
instance_1280	0.0	0.0	1.0	0.0	0.0
instance_119	1.0	0.0	0.0	0.0	0.0
instance_639	0.0	1.0	0.0	0.0	0.0
instance_985	0.0	1.0	0.0	0.0	0.0
instance_1903	0.0	0.0	0.0	1.0	0.0
instance_2448	0.0	0.0	0.0	0.0	1.0
instance_2463	0.0	0.0	0.0	0.0	1.0
instance_1076	0.0	0.0	1.0	0.0	0.0
instance_1066	0.0	0.0	1.0	0.0	0.0
instance_1566	0.0	0.0	0.0	1.0	0.0
instance_273	1.0	0.0	0.0	0.0	0.0
instance_48	1.0	0.0	0.0	0.0	0.0
instance_1391	0.0	0.0	1.0	0.0	0.0
instance_1920	0.0	0.0	0.0	1.0	0.0
instance_189	1.0	0.0	0.0	0.0	0.0
instance_980	0.0	1.0	0.0	0.0	0.0
instance_63	1.0	0.0	0.0	0.0	0.0
instance_507	0.0	1.0	0.0	0.0	0.0
instance_2416	0.0	0.0	0.0	0.0	1.0
instance_1078	0.0	0.0	1.0	0.0	0.0
instance_647	0.0	1.0	0.0	0.0	0.0
instance_2258	0.0	0.0	0.0	0.0	1.0
instance_2320	0.0	0.0	0.0	0.0	1.0
instance_2174	0.0	0.0	0.0	0.0	1.0
instance_274	1.0	0.0	0.0	0.0	0.0
instance_577	0.0	1.0	0.0	0.0	0.0
instance_2017	0.0	0.0	0.0	0.0	1.0
instance_1743	0.0	0.0	0.0	1.0	0.0
instance_115	1.0	0.0	0.0	0.0	0.0
instance_2122	0.0	0.0	0.0	0.0	1.0
instance_1563	0.0	0.0	0.0	1.0	0.0
instance_517	0.0	1.0	0.0	0.0	0.0
instance_2358	0.0	0.0	0.0	0.0	1.0
instance_1819	0.0	0.0	0.0	1.0	0.0
instance_1678	0.0	0.0	0.0	1.0	0.0
instance_34	1.0	0.0	0.0	0.0	0.0
instance_853	0.0	1.0	0.0	0.0	0.0
instance_538	0.0	1.0	0.0	0.0	0.0
instance_1552	0.0	0.0	0.0	1.0	0.0
instance_1468	0.0	0.0	1.0	0.0	0.0
instance_2489	0.0	0.0	0.0	0.0	1.0
instance_252	1.0	0.0	0.0	0.0	0.0
instance_1212	0.0	0.0	1.0	0.0	0.0
instance_884	0.0	1.0	0.0	0.0	0.0
instance_1951	0.0	0.0	0.0	1.0	0.0
instance_2217	0.0	0.0	0.0	0.0	1.0
instance_1486	0.0	0.0	1.0	0.0	0.0
instance_149	1.0	0.0	0.0	0.0	0.0
instance_2336	0.0	0.0	0.0	0.0	1.0
instance_1454	0.0	0.0	1.0	0.0	0.0
instance_2139	0.0	0.0	0.0	0.0	1.0
instance_1831	0.0	0.0	0.0	1.0	0.0
instance_2464	0.0	0.0	0.0	0.0	1.0
instance_756	0.0	1.0	0.0	0.0	0.0
instance_2078	0.0	0.0	0.0	0.0	1.0
instance_169	1.0	0.0	0.0	0.0	0.0
instance_1682	0.0	0.0	0.0	1.0	0.0
instance_255	1.0	0.0	0.0	0.0	0.0
instance_352	1.0	0.0	0.0	0.0	0.0
instance_1075	0.0	0.0	1.0	0.0	0.0
instance_2465	0.0	0.0	0.0	0.0	1.0
instance_1513	0.0	0.0	0.0	1.0	0.0
instance_2166	0.0	0.0	0.0	0.0	1.0
instance_2244	0.0	0.0	0.0	0.0	1.0
instance_2328	0.0	0.0	0.0	0.0	1.0
instance_1745	0.0	0.0	0.0	1.0	0.0
instance_2023	0.0	0.0	0.0	0.0	1.0
instance_625	0.0	1.0	0.0	0.0	0.0
instance_1989	0.0	0.0	0.0	1.0	0.0
instance_2021	0.0	0.0	0.0	0.0	1.0
instance_1489	0.0	0.0	1.0	0.0	0.0
instance_594	0.0	1.0	0.0	0.0	0.0
instance_768	0.0	1.0	0.0	0.0	0.0
instance_787	0.0	1.0	0.0	0.0	0.0
instance_1200	0.0	0.0	1.0	0.0	0.0
instance_1665	0.0	0.0	0.0	1.0	0.0
instance_1848	0.0	0.0	0.0	1.0	0.0
instance_571	0.0	1.0	0.0	0.0	0.0
instance_2208	0.0	0.0	0.0	0.0	1.0
instance_2321	0.0	0.0	0.0	0.0	1.0
instance_1022	0.0	0.0	1.0	0.0	0.0
instance_1165	0.0	0.0	1.0	0.0	0.0
instance_72	1.0	0.0	0.0	0.0	0.0
instance_2251	0.0	0.0	0.0	0.0	1.0
instance_2493	0.0	0.0	0.0	0.0	1.0
instance_12	1.0	0.0	0.0	0.0	0.0
instance_1854	0.0	0.0	0.0	1.0	0.0
instance_637	0.0	1.0	0.0	0.0	0.0
instance_1948	0.0	0.0	0.0	1.0	0.0
instance_992	0.0	1.0	0.0	0.0	0.0
instance_1758	0.0	0.0	0.0	1.0	0.0
instance_1290	0.0	0.0	1.0	0.0	0.0
instance_141	1.0	0.0	0.0	0.0	0.0
instance_203	1.0	0.0	0.0	0.0	0.0
instance_1150	0.0	0.0	1.0	0.0	0.0
instance_1281	0.0	0.0	1.0	0.0	0.0
instance_711	0.0	1.0	0.0	0.0	0.0
instance_2173	0.0	0.0	0.0	0.0	1.0
instance_2194	0.0	0.0	0.0	0.0	1.0
instance_2033	0.0	0.0	0.0	0.0	1.0
instance_1177	0.0	0.0	1.0	0.0	0.0
instance_1768	0.0	0.0	0.0	1.0	0.0
instance_719	0.0	1.0	0.0	0.0	0.0
instance_2395	0.0	0.0	0.0	0.0	1.0
instance_528	0.0	1.0	0.0	0.0	0.0
instance_1861	0.0	0.0	0.0	1.0	0.0
instance_131	1.0	0.0	0.0	0.0	0.0
instance_225	1.0	0.0	0.0	0.0	0.0
instance_14	1.0	0.0	0.0	0.0	0.0
instance_1643	0.0	0.0	0.0	1.0	0.0
instance_348	1.0	0.0	0.0	0.0	0.0
instance_1700	0.0	0.0	0.0	1.0	0.0
instance_1633	0.0	0.0	0.0	1.0	0.0
instance_1373	0.0	0.0	1.0	0.0	0.0
instance_807	0.0	1.0	0.0	0.0	0.0
instance_1601	0.0	0.0	0.0	1.0	0.0
instance_2031	0.0	0.0	0.0	0.0	1.0
instance_1223	0.0	0.0	1.0	0.0	0.0
instance_2006	0.0	0.0	0.0	0.0	1.0
instance_299	1.0	0.0	0.0	0.0	0.0
instance_2222	0.0	0.0	0.0	0.0	1.0
instance_697	0.0	1.0	0.0	0.0	0.0
instance_1952	0.0	0.0	0.0	1.0	0.0
