instance_242	1.0	0.0	0.0	0.0	0.0
instance_370	1.0	0.0	0.0	0.0	0.0
instance_383	1.0	0.0	0.0	0.0	0.0
instance_61	1.0	0.0	0.0	0.0	0.0
instance_131	1.0	0.0	0.0	0.0	0.0
instance_184	1.0	0.0	0.0	0.0	0.0
instance_373	1.0	0.0	0.0	0.0	0.0
instance_156	1.0	0.0	0.0	0.0	0.0
instance_219	1.0	0.0	0.0	0.0	0.0
instance_299	1.0	0.0	0.0	0.0	0.0
instance_491	1.0	0.0	0.0	0.0	0.0
instance_56	1.0	0.0	0.0	0.0	0.0
instance_439	1.0	0.0	0.0	0.0	0.0
instance_355	1.0	0.0	0.0	0.0	0.0
instance_55	1.0	0.0	0.0	0.0	0.0
instance_446	1.0	0.0	0.0	0.0	0.0
instance_195	1.0	0.0	0.0	0.0	0.0
instance_437	1.0	0.0	0.0	0.0	0.0
instance_30	1.0	0.0	0.0	0.0	0.0
instance_258	1.0	0.0	0.0	0.0	0.0
instance_126	1.0	0.0	0.0	0.0	0.0
instance_282	1.0	0.0	0.0	0.0	0.0
instance_322	1.0	0.0	0.0	0.0	0.0
instance_461	1.0	0.0	0.0	0.0	0.0
instance_220	1.0	0.0	0.0	0.0	0.0
instance_144	1.0	0.0	0.0	0.0	0.0
instance_410	1.0	0.0	0.0	0.0	0.0
instance_276	1.0	0.0	0.0	0.0	0.0
instance_329	1.0	0.0	0.0	0.0	0.0
instance_206	1.0	0.0	0.0	0.0	0.0
instance_102	1.0	0.0	0.0	0.0	0.0
instance_198	1.0	0.0	0.0	0.0	0.0
instance_236	1.0	0.0	0.0	0.0	0.0
instance_60	1.0	0.0	0.0	0.0	0.0
instance_482	1.0	0.0	0.0	0.0	0.0
instance_52	1.0	0.0	0.0	0.0	0.0
instance_181	1.0	0.0	0.0	0.0	0.0
instance_338	1.0	0.0	0.0	0.0	0.0
instance_24	1.0	0.0	0.0	0.0	0.0
instance_17	1.0	0.0	0.0	0.0	0.0
instance_39	1.0	0.0	0.0	0.0	0.0
instance_327	1.0	0.0	0.0	0.0	0.0
instance_385	1.0	0.0	0.0	0.0	0.0
instance_127	1.0	0.0	0.0	0.0	0.0
instance_321	1.0	0.0	0.0	0.0	0.0
instance_473	1.0	0.0	0.0	0.0	0.0
instance_220	1.0	0.0	0.0	0.0	0.0
instance_253	1.0	0.0	0.0	0.0	0.0
instance_366	1.0	0.0	0.0	0.0	0.0
instance_419	1.0	0.0	0.0	0.0	0.0
instance_895	0.0	1.0	0.0	0.0	0.0
instance_871	0.0	1.0	0.0	0.0	0.0
instance_780	0.0	1.0	0.0	0.0	0.0
instance_626	0.0	1.0	0.0	0.0	0.0
instance_946	0.0	1.0	0.0	0.0	0.0
instance_595	0.0	0.01	0.99	0.0	0.0
instance_700	0.0	1.0	0.0	0.0	0.0
instance_911	0.0	1.0	0.0	0.0	0.0
instance_707	0.0	1.0	0.0	0.0	0.0
instance_521	0.0	1.0	0.0	0.0	0.0
instance_886	0.0	1.0	0.0	0.0	0.0
instance_883	0.0	1.0	0.0	0.0	0.0
instance_719	0.0	1.0	0.0	0.0	0.0
instance_652	0.0	1.0	0.0	0.0	0.0
instance_750	0.0	1.0	0.0	0.0	0.0
instance_929	0.0	1.0	0.0	0.0	0.0
instance_894	0.0	1.0	0.0	0.0	0.0
instance_895	0.0	1.0	0.0	0.0	0.0
instance_690	0.0	1.0	0.0	0.0	0.0
instance_770	0.0	1.0	0.0	0.0	0.0
instance_817	0.0	1.0	0.0	0.0	0.0
instance_552	0.0	1.0	0.0	0.0	0.0
instance_632	0.0	1.0	0.0	0.0	0.0
instance_844	0.0	1.0	0.0	0.0	0.0
instance_991	0.0	1.0	0.0	0.0	0.0
instance_944	0.0	1.0	0.0	0.0	0.0
instance_515	0.0	1.0	0.0	0.0	0.0
instance_982	0.0	1.0	0.0	0.0	0.0
instance_912	0.0	1.0	0.0	0.0	0.0
instance_730	0.0	1.0	0.0	0.0	0.0
instance_871	0.0	1.0	0.0	0.0	0.0
instance_911	0.0	1.0	0.0	0.0	0.0
instance_927	0.0	1.0	0.0	0.0	0.0
instance_666	0.0	1.0	0.0	0.0	0.0
instance_867	0.0	1.0	0.0	0.0	0.0
instance_946	0.0	1.0	0.0	0.0	0.0
instance_724	0.0	1.0	0.0	0.0	0.0
instance_561	0.0	1.0	0.0	0.0	0.0
instance_907	0.0	1.0	0.0	0.0	0.0
instance_945	0.0	1.0	0.0	0.0	0.0
instance_629	0.0	1.0	0.0	0.0	0.0
instance_676	0.0	1.0	0.0	0.0	0.0
instance_939	0.0	1.0	0.0	0.0	0.0
instance_741	0.0	1.0	0.0	0.0	0.0
instance_650	0.0	1.0	0.0	0.0	0.0
instance_687	0.0	1.0	0.0	0.0	0.0
instance_530	0.0	1.0	0.0	0.0	0.0
instance_559	0.0	1.0	0.0	0.0	0.0
instance_907	0.0	1.0	0.0	0.0	0.0
instance_630	0.0	1.0	0.0	0.0	0.0
instance_1499	0.0	0.0	1.0	0.0	0.0
instance_1321	0.0	0.0	1.0	0.0	0.0
instance_1144	0.0	0.0	1.0	0.0	0.0
instance_1117	0.0	0.0	1.0	0.0	0.0
instance_1363	0.0	0.0	1.0	0.0	0.0
instance_1298	0.0	0.0	1.0	0.0	0.0
instance_1309	0.0	0.0	1.0	0.0	0.0
instance_1248	0.0	0.0	1.0	0.0	0.0
instance_1206	0.0	0.0	1.0	0.0	0.0
instance_1343	0.0	0.0	1.0	0.0	0.0
instance_1252	0.0	0.0	1.0	0.0	0.0
instance_1054	0.0	0.0	1.0	0.0	0.0
instance_1460	0.0	0.0	1.0	0.0	0.0
instance_1020	0.0	0.0	1.0	0.0	0.0
instance_1493	0.0	0.0	1.0	0.0	0.0
instance_1434	0.0	0.0	1.0	0.0	0.0
instance_1410	0.0	0.0	1.0	0.0	0.0
instance_1072	0.0	0.0	1.0	0.0	0.0
instance_1287	0.0	0.0	1.0	0.0	0.0
instance_1244	0.0	0.0	1.0	0.0	0.0
instance_1038	0.0	0.0	1.0	0.0	0.0
instance_1332	0.0	0.0	1.0	0.0	0.0
instance_1331	0.0	0.0	1.0	0.0	0.0
instance_1375	0.0	0.0	1.0	0.0	0.0
instance_1254	0.0	0.0	1.0	0.0	0.0
instance_1417	0.0	0.0	1.0	0.0	0.0
instance_1381	0.0	0.0	1.0	0.0	0.0
instance_1056	0.0	0.0	1.0	0.0	0.0
instance_1008	0.0	0.0	1.0	0.0	0.0
instance_1069	0.0	0.0	1.0	0.0	0.0
instance_1335	0.0	0.0	1.0	0.0	0.0
instance_1281	0.0	0.0	1.0	0.0	0.0
instance_1130	0.0	0.0	1.0	0.0	0.0
instance_1242	0.0	0.0	1.0	0.0	0.0
instance_1073	0.0	0.0	1.0	0.0	0.0
instance_1344	0.0	0.0	1.0	0.0	0.0
instance_1419	0.0	0.0	1.0	0.0	0.0
instance_1358	0.0	0.0	1.0	0.0	0.0
instance_1500	0.0	0.0	1.0	0.0	0.0
instance_1309	0.0	0.0	1.0	0.0	0.0
instance_1300	0.0	0.0	1.0	0.0	0.0
instance_1070	0.0	0.0	1.0	0.0	0.0
instance_1397	0.0	0.29	0.71	0.0	0.0
instance_1074	0.0	0.0	1.0	0.0	0.0
instance_1445	0.0	0.0	1.0	0.0	0.0
instance_1016	0.0	0.0	1.0	0.0	0.0
instance_1347	0.0	0.0	1.0	0.0	0.0
instance_1348	0.0	0.0	1.0	0.0	0.0
instance_1130	0.0	0.0	1.0	0.0	0.0
instance_1205	0.0	0.0	1.0	0.0	0.0
instance_1847	0.0	0.0	0.0	1.0	0.0
instance_1992	0.0	0.0	0.0	1.0	0.0
instance_1897	0.0	0.0	0.0	1.0	0.0
instance_1697	0.0	0.0	0.0	1.0	0.0
instance_1909	0.0	0.0	0.0	1.0	0.0
instance_1693	0.0	0.0	0.0	1.0	0.0
instance_1729	0.0	0.0	0.0	1.0	0.0
instance_1550	0.0	0.0	0.0	1.0	0.0
instance_1508	0.0	0.0	0.0	1.0	0.0
instance_1823	0.0	0.0	0.0	1.0	0.0
instance_1502	0.0	0.0	0.0	1.0	0.0
instance_1547	0.0	0.0	0.0	1.0	0.0
instance_1990	0.0	0.0	0.0	1.0	0.0
instance_1542	0.0	0.0	0.0	1.0	0.0
instance_1592	0.0	0.0	0.0	1.0	0.0
instance_1946	0.0	0.0	0.0	1.0	0.0
instance_1968	0.0	0.0	0.0	1.0	0.0
instance_1640	0.0	0.0	0.0	1.0	0.0
instance_1680	0.0	0.0	0.0	1.0	0.0
instance_1824	0.0	0.0	0.0	1.0	0.0
instance_1716	0.0	0.0	0.0	1.0	0.0
instance_1721	0.0	0.0	0.0	1.0	0.0
instance_1615	0.0	0.0	0.0	1.0	0.0
instance_1546	0.0	0.0	0.0	1.0	0.0
instance_1733	0.0	0.0	0.0	1.0	0.0
instance_1755	0.0	0.0	0.0	1.0	0.0
instance_1892	0.0	0.0	0.0	1.0	0.0
instance_1532	0.0	0.0	0.0	1.0	0.0
instance_1807	0.0	0.0	0.0	1.0	0.0
instance_1788	0.0	0.0	0.0	1.0	0.0
instance_1801	0.0	0.0	0.0	1.0	0.0
instance_1740	0.0	0.0	0.0	1.0	0.0
instance_1930	0.0	0.0	0.0	1.0	0.0
instance_1865	0.0	0.0	0.0	1.0	0.0
instance_1797	0.0	0.0	0.0	1.0	0.0
instance_1615	0.0	0.0	0.0	1.0	0.0
instance_1655	0.0	0.0	0.0	1.0	0.0
instance_1572	0.0	0.0	0.0	1.0	0.0
instance_1879	0.0	0.0	0.0	1.0	0.0
instance_1845	0.0	0.0	0.0	1.0	0.0
instance_1589	0.0	0.0	0.0	1.0	0.0
instance_1955	0.0	0.0	0.0	1.0	0.0
instance_1797	0.0	0.0	0.0	1.0	0.0
instance_1613	0.0	0.0	0.0	1.0	0.0
instance_1981	0.0	0.0	0.0	1.0	0.0
instance_1610	0.0	0.0	0.0	1.0	0.0
instance_1613	0.0	0.0	0.0	1.0	0.0
instance_1796	0.0	0.0	0.0	1.0	0.0
instance_1822	0.0	0.0	0.0	1.0	0.0
instance_1873	0.0	0.0	0.0	1.0	0.0
instance_2273	0.0	0.0	0.0	0.0	1.0
instance_2058	0.0	0.0	0.0	0.0	1.0
instance_2311	0.0	0.0	0.0	0.0	1.0
instance_2236	0.0	0.0	0.0	0.0	1.0
instance_2423	0.0	0.0	0.0	0.0	1.0
instance_2424	0.0	0.0	0.0	0.0	1.0
instance_2107	0.0	0.0	0.0	0.0	1.0
instance_2353	0.0	0.0	0.0	0.0	1.0
instance_2088	0.0	0.0	0.0	0.0	1.0
instance_2037	0.0	0.0	0.0	0.0	1.0
instance_2453	0.0	0.0	0.0	0.0	1.0
instance_2403	0.0	0.0	0.0	0.0	1.0
instance_2163	0.0	0.0	0.0	0.0	1.0
instance_2150	0.0	0.0	0.0	0.0	1.0
instance_2446	0.0	0.0	0.0	0.0	1.0
instance_2422	0.0	0.0	0.0	0.0	1.0
instance_2009	0.0	0.0	0.0	0.0	1.0
instance_2078	0.0	0.0	0.0	0.0	1.0
instance_2366	0.0	0.0	0.0	0.0	1.0
instance_2145	0.0	0.0	0.0	0.0	1.0
instance_2138	0.0	0.0	0.0	0.0	1.0
instance_2041	0.0	0.0	0.0	0.0	1.0
instance_2035	0.0	0.0	0.0	0.0	1.0
instance_2052	0.0	0.0	0.0	0.0	1.0
instance_2468	0.0	0.0	0.0	0.0	1.0
instance_2489	0.0	0.0	0.0	0.0	1.0
instance_2227	0.0	0.0	0.0	0.0	1.0
instance_2322	0.0	0.0	0.0	0.0	1.0
instance_2124	0.0	0.0	0.0	0.0	1.0
instance_2189	0.0	0.0	0.0	0.0	1.0
instance_2101	0.0	0.0	0.0	0.0	1.0
instance_2388	0.0	0.0	0.0	0.0	1.0
instance_2002	0.0	0.0	0.0	0.0	1.0
instance_2428	0.0	0.0	0.0	0.0	1.0
instance_2491	0.0	0.0	0.0	0.0	1.0
instance_2462	0.0	0.0	0.0	0.0	1.0
instance_2181	0.0	0.0	0.0	0.0	1.0
instance_2283	0.0	0.0	0.0	0.0	1.0
instance_2006	0.0	0.0	0.0	0.0	1.0
instance_2221	0.0	0.0	0.0	0.0	1.0
instance_2204	0.0	0.0	0.0	0.0	1.0
instance_2343	0.0	0.0	0.0	0.0	1.0
instance_2334	0.0	0.0	0.0	0.0	1.0
instance_2037	0.0	0.0	0.0	0.0	1.0
instance_2031	0.0	0.0	0.0	0.0	1.0
instance_2186	0.0	0.0	0.0	0.0	1.0
instance_2115	0.0	0.0	0.0	0.0	1.0
instance_2085	0.0	0.0	0.0	0.0	1.0
instance_2050	0.0	0.0	0.0	0.0	1.0
instance_2361	0.0	0.0	0.0	0.0	1.0
