-6.461108753094459090e+00 5.018045954032016809e+00
-3.530638395456085377e+00 1.868881065603247293e-01
-2.525365610076864886e+00 1.254147827543925509e+00
-2.093744249663532564e+00 4.039140929577444084e+00
-3.652850785851678772e+00 -2.582070644450261021e+00
-3.307355544202741804e+00 1.838690864815937243e+00
-6.551008274323269376e+00 1.014565995348459815e+00
-1.901419535850662257e+00 4.466998845851040123e+00
-3.008493866686734020e+00 5.098206502941150298e+00
-5.186520507251009882e+00 -4.731216935242461119e+00
-9.922139151940552182e-01 4.822953154979326307e+00
-1.888390153883311662e+00 1.426591573179045280e+00
-2.918738256678373943e+00 5.384433301501013958e+00
-2.341045138994536590e+00 1.308332986955313970e+00
-1.310726599040421991e+00 3.814174694867725091e+00
-4.190668592682176286e-01 5.571863020045693560e+00
-1.730839383528772979e+00 1.172079983054645780e+00
-3.264606915902163564e+00 3.926891985594141321e+00
-2.237596102387067631e+00 2.794421663421662760e+00
-1.053312275876362891e+00 5.027702231882971162e+00
-2.214414655154762102e+00 2.907389158879166935e+00
-1.069066072589911265e+00 4.957940403235124194e+00
-1.342470419885785304e+00 3.387239398673306034e+00
-2.412472443088479856e+00 1.295905809771412898e+00
-2.654023227975431887e+00 3.921065918164225117e+00
-4.725003759835720629e+00 3.553177726078454945e+00
-3.979083934554334956e+00 -1.914991899973744971e+00
-2.174568366935368147e+00 2.219418631678375942e+00
-1.549071093216439543e+00 -4.112599294513529458e+00
-2.466289458952974911e+00 1.775416438553773624e+00
-1.300148366870712557e+00 4.386829529168357666e+00
-2.401781925717700439e+00 -1.549701410476654218e+00
-4.761956356108266064e+00 -3.564217774987847420e+00
-3.844114735529061910e+00 -1.297207651854665045e+01
-2.692840065238673475e+00 2.358072584650396042e+00
-1.172911775520757871e+00 3.476348590422937868e+00
-1.458792416229197864e+00 -2.695418291949909673e+00
-1.143902431308568834e+00 5.246622355175168728e+00
-2.538659033993666547e+00 1.761888051949114242e-01
-1.417624529838315439e+00 -2.908500485203511232e-01
-2.087663835699189008e+00 2.166750720726107637e+00
-4.416023526191525939e-01 4.110291511056543001e+00
-3.081792732601102980e-01 4.555496397447589274e+00
-3.944885453969697142e+00 -3.071889546359255263e+00
-2.510213670147138920e+00 -3.433865440775942801e+00
-2.002452784864331203e+00 3.443500774959664223e+00
-2.792302085108707921e+00 1.088017861560388155e+00
-1.814164142937265689e+00 4.699357124000016483e-01
-3.189122759281373121e+00 -8.360985720731513027e-01
-5.771551981803322295e-01 1.895832671645012013e+00
-2.058568372406472058e+00 3.054533095192162317e+00
-3.082795159045277344e+00 4.283693131007598076e+00
-5.596021611049932787e+00 2.402567180717384510e+00
-1.226231081300275472e+00 9.423574755152808180e-01
-1.395569614228645117e+00 1.080909718506347872e+00
-7.651667592900718518e+00 5.006160940246637381e+00
-6.554582118148515768e+00 5.008081370940136168e+00
-7.501478103463186109e+00 5.256564787294092156e+00
-5.039909814328709103e-01 5.198658649952952793e+00
-2.137668466161761316e+00 3.184730837078255217e+00
-1.202814368759700159e+00 4.941156529240553041e+00
-3.549379952476272582e+00 8.965770039658718105e-01
-1.883719298184248769e+00 2.908114950832646262e+00
-2.505791990982606965e+00 8.338108194727258393e-01
-2.406465556131278216e+00 3.736212934857308099e+00
-2.007201755271562860e+00 3.820702587670167460e+00
-7.989668109839647148e-01 5.180439450511611810e+00
-2.420187791302094382e+00 1.949921569171788605e-01
-3.211015289373489345e+00 1.924712950320734972e+00
-1.330918661138923653e+00 4.219668480176075320e-01
-2.046876510965546458e+00 2.213433636889194034e+00
-2.883013110410747704e+00 -1.452587820687050169e+00
-5.934100554830832319e-01 5.425598989043765918e+00
-4.047240759612459549e+00 -1.804063880585456303e+00
-3.223978153896308374e+00 -7.115652282809108442e-01
-2.653965728230840870e+00 4.174930370019120041e+00
-2.533162657891768976e+00 2.336440984911451579e+00
-1.198698331664187489e+00 -4.066533059230243552e+00
-4.309874080582936529e+00 -7.174995538241144999e+00
-1.430068773253336589e+00 4.957538536769754423e+00
-1.875422898180886255e+00 3.349494743578770084e+00
-1.299943248951268870e+01 -3.116028720088159787e-01
-3.694511042639506027e+00 -1.103803160656688931e+00
-3.019466015130765513e+00 -1.978046304213681772e+00
-1.238459577329524386e+00 -6.957157621839440864e+00
-3.787654939744933280e+00 -1.164243150006170069e-01
-3.496114875684235734e+00 -2.931457766311869051e-01
-1.601552772485673293e+00 3.702347274993123882e+00
-5.471775672852571049e+00 2.947240355525972078e+00
-2.115170203350462685e+00 1.693104781773520529e+00
-2.119281689914759959e+00 1.640816230949271315e-01
-2.341116688199054163e+00 1.362862260344895660e+00
-2.744839010077974706e+00 3.088176710677208447e-01
-4.122831997228908918e+00 4.625416442176390142e+00
-3.674752655573445992e+00 -4.488610682772318228e+00
-1.539262992300761024e+00 2.248667798793540840e+00
-2.011141505424659748e+00 4.371214068873102931e+00
-7.145984112220311602e-01 5.058612432930148728e+00
-1.893056285005817463e+00 5.088458975098578918e+00
-5.315676964855867048e+00 3.941613377111998329e+00
-5.302567113599305770e+00 -5.601748928723772281e+00
-2.106714819262718308e+00 3.307968275756999255e+00
-1.563383428562908684e+00 2.530652229608825188e+00
-2.404067053552102706e+00 2.533989718665693225e+00
-3.795928674098483668e+00 2.420371832582389082e+00
-2.062862534577641682e+00 2.715688057780954789e+00
-2.257757157467891851e+00 1.481647070942134103e+00
-1.941674360191810278e+00 6.520250788489683202e-01
-2.229242596345070382e+00 -3.194055916137985562e+00
-1.219615644078997363e+00 4.943120960897185334e+00
-2.890109063539267442e+00 3.481480672291929590e+00
-2.003498425382142401e+00 4.199936835559832105e-01
-5.723351975436952177e-01 5.468907014615687956e+00
-1.583843133306486406e+00 4.495935043367687456e+00
-6.465552817688474008e+00 -1.500326623648381030e+01
-1.029393187526897435e+01 1.084847169820870150e+00
-1.024266538705842944e+00 1.409436592295643997e+00
-1.143692768255405667e+01 5.419918790918790918e+00
-1.924995644923043869e+00 7.627476420560412862e-01
-3.972325445566028179e+00 -1.595891192377521861e+00
-3.184803995891529738e+00 8.616733577310515813e-01
-3.215984768267249549e+00 -1.090364915593339212e+01
-6.581047765504353109e+00 -6.153655767438689139e+00
-3.098520247651863180e+00 1.681845185448418434e+00
-1.101336534927322086e+00 3.126211263621290204e+00
-1.459136204944470716e+00 1.025954491078260311e+00
-1.875284359343541762e+00 1.331034028984791284e+00
-1.251148237901325011e+00 4.719780197004750377e+00
-2.394640906917069767e+00 2.042660846549098963e+00
-1.708964913031214561e+00 1.451469716490482398e+00
-8.414665929120734855e-01 4.631308599662802727e+00
-3.261665588559814033e+00 4.677836558918854415e+00
-3.709978879458470047e+00 -2.101114368706426205e+00
-2.148833202294263778e+00 2.375874337183489615e+00
-1.832447936145151335e+00 4.096708126174913644e+00
-5.476204173674170672e-01 4.986001396827308696e+00
-1.117986415481330598e+00 5.037264415679471696e+00
-3.673476956885755040e-01 2.625873805118795090e+00
-1.576494876331707040e+00 -7.861164761710979221e+00
-1.708374871481536994e+00 4.423221640195598603e+00
-5.830415467763783610e+00 -6.066418743877582287e+00
-1.628070115378906113e+00 4.510462229369387899e+00
-3.847651340529587571e+00 4.494752042755346011e+00
-2.367254471695508400e+00 1.430254580864911418e+00
-3.229681414178218191e+00 -1.499797105434259592e+00
-1.152561614920153410e+00 4.953005241016487759e+00
-1.223311155911327575e+01 4.880331715947596294e+00
-1.702773258229662190e+00 -4.257678891301122093e+00
-6.791593886482249154e+00 4.716796472952156982e+00
-3.709138078083062950e-01 4.735461244561701477e+00
-1.932940118141547980e+00 4.689999461133263381e+00
-1.371858880149763760e+00 1.395161320897206458e+00
-1.738063745164473595e+00 -2.122974055186830356e-01
-1.787899338173598585e+00 4.934480417459923274e-01
-1.657464921945824088e+01 4.666477780110026785e+00
-1.452426604402623056e+00 2.020903264050922132e+00
-3.198396489078163540e-01 5.061008131237604069e+00
-1.866286077547661959e+00 -5.991998772367264081e-01
-1.972294274755878263e+00 -7.258615596061881448e-01
-1.010817705272476719e+00 4.995743120521767722e+00
-4.184255306289413667e+00 3.030409217270424005e+00
-3.200611093280874897e+00 2.273695224680904126e+00
-6.541678840103057890e-01 3.128214572770701807e+00
-2.137217210208826934e+00 2.705977760687398259e+00
-3.104130050242830841e+00 5.270791286903698136e+00
-1.046197448044310896e+01 4.390739571607964464e+00
-3.739809997217748982e-01 5.395216311548349353e+00
-2.725058094730837155e+00 1.744331118108155110e+00
-6.902995964738636303e+00 5.081443388117053317e+00
-2.806436083896630684e+00 -1.602647305833134084e+00
-7.702952300646235262e-01 5.234702665132789257e+00
-6.520510210853260880e+00 4.166514261315314549e+00
-4.886682823160497513e+00 2.874851473100484611e+00
-2.464488053747485807e+00 2.535980171690813023e+00
-1.912221378876438171e+00 1.397201948801221505e+00
-2.273741918934622852e+00 2.819129982812543123e+00
-2.700941761635238691e+00 2.776924104204573585e+00
-1.395649266479974226e+00 1.339944378813310522e+00
-7.032170771155181299e+00 -1.224506508801023941e+01
-1.438912512078773798e+00 3.985389544769946113e+00
-9.949983841175257027e+00 9.487868304927866703e-01
-3.962167063477584072e+00 -9.000361888772408392e+00
-1.429332023882683878e+00 2.450647701489058861e+00
-2.374376532591856215e+00 4.123927240511658709e+00
-5.918715677192265545e-02 -6.230967198013530606e-01
-3.612313596036025309e+00 -5.564178542158636276e+00
-2.953367952820527442e+00 4.601125607215745816e-01
-2.909502988860629635e+00 -1.309578198876405608e+01
-2.620306455558445435e+00 -9.332966593900469121e-01
-5.868659032183022539e+00 -6.618115771830455074e+00
-3.844120956822869140e+00 -4.298444879054077461e+00
-2.394974859785610199e+00 3.607881286111347841e+00
-2.074722871308165129e+00 2.982627325577033695e+00
-5.296187922528244663e+00 -4.275204660994244676e+00
-4.968445329703288227e-01 4.637728912874731435e+00
-3.215053652727436262e+00 6.652485920490409654e-01
-2.330326359904225875e+00 -2.746488638341508803e-01
-1.640911573598019757e+00 3.851306990680022579e+00
-8.220555691237654727e+00 4.978962415128257213e+00
-1.620016950754236795e+00 2.237832915499168074e+00
-2.933476841579064409e+00 2.022866808582717280e+00
-2.154031814447886717e+00 2.748960744801506095e+00
-1.300586980367466561e+00 4.057408755458116190e+00
-5.209574188997889266e+00 -1.213369034979241334e+01
-4.274614960661702323e-01 4.614771529736367839e+00
-1.459117188053382419e+00 4.765611654286262322e+00
-2.079016365949429623e+00 1.372845066485708365e+00
-7.197377320198779849e+00 4.194851227991925668e+00
-1.212996600533260860e+00 5.274077609539976841e+00
-7.444621333717329481e-01 4.758616554761688988e+00
-1.999914046896311248e+00 2.920184699400680373e+00
-2.554652237046509899e+00 1.650366886264317934e+00
-3.188962653845359263e+00 -4.109031475811477208e+00
-3.690603830485425618e+00 -7.352175599774053438e-01
-2.844199661783754607e+00 1.693875219937995613e+00
-3.034089308015548436e+00 -1.251026448255237256e+01
-2.393073789465860912e+00 2.070274286524784735e+00
-3.856325844187112661e+00 2.722335523700849080e+00
-2.545848587436842170e+00 2.338963048531263134e+00
-2.552049979520262468e+00 -1.436991034860569272e+01
-8.599008600207157516e-01 5.305293810152907241e+00
-1.036100846249820462e+00 3.211306714092687642e-01
-3.169218947240188822e+00 2.327411029500038975e+00
-6.240439810065097070e-01 5.541205399907817686e+00
-2.450121420036871278e+00 4.482890193208028506e+00
-4.420543507046216902e+00 3.429020485743578206e+00
-1.937721281919248195e+00 1.377117114755147753e+00
-2.198677082609219902e+00 -2.399322910216285187e+00
-2.292421941351580728e+00 2.492553468068793077e+00
-1.809693505791531543e+00 4.752771486650107846e+00
-1.165889417392636496e+01 1.961515980845247142e+00
-1.645997565874151469e+00 1.135127659698183855e+00
-3.482338195630036548e+00 -5.792866863083281359e-01
-4.559675940856076082e+00 2.857277215600825038e+00
-1.998874733099337497e+00 3.126576819646767369e+00
-2.604438524311661673e+00 4.896854643178952138e+00
-2.980057158382936500e+00 1.269508710424073872e+00
-1.437211099168003869e+01 2.366726250036517598e+00
-1.687118777811482673e+00 -2.779396872613670411e+00
-2.689876725000591051e+00 -1.398674937764113224e+00
-1.277975914665208990e+00 4.603755715503386803e+00
-6.008420959186958399e+00 -8.986205456491605403e+00
-8.693961685795484895e-01 5.070483152838381358e+00
-3.299004515491724021e+00 2.463168114380055673e+00
-1.995716159556175207e+00 2.948393089876916395e+00
-2.589792989451651373e+00 6.853483193142313468e-01
-2.323184455912660873e+00 3.944923288626708491e+00
-7.427667379000360004e-01 4.983516284750794334e+00
-1.191235993409155425e+00 4.913159076297614725e+00
-3.461952568569798938e+00 -1.363765021839897784e+00
-6.186459859026141039e+00 3.617860668018651360e+00
-2.303705331032724235e+00 2.103317202380660778e+00
-1.101676455887661055e+00 4.532490767962731759e+00
-1.137301479162172768e+01 1.779037131940586658e+00
-1.929065220330934416e+00 3.118819275012653769e+00
-5.072934397412566021e+00 4.668227615960198307e+00
-5.309146462737126981e+00 -3.981006215899038025e+00
-1.580272236112686191e+00 4.416168412605933291e+00
-3.082876450347201924e+00 -5.077463417915666355e+00
-1.649590249213575888e+00 3.657480459588125399e+00
-1.140898172276588074e+00 5.133939818937914623e+00
-2.258117609698210515e+00 3.187724099567994074e+00
-1.558156394125279398e+00 1.639376895010674851e+00
-2.179267586143980306e+00 3.477950413697792342e+00
-2.567922822982817266e+00 1.137455276437854934e+00
-1.373978341148302640e+00 4.028118408309866894e+00
-1.568168997042520107e+00 3.716641671532017188e+00
-3.545178676110455562e+00 -1.054123007534418122e+00
-6.048434096373958013e-01 5.343628994622287465e+00
-1.306908701643530790e+01 -7.429849767386242476e+00
-3.309542575309599943e+00 4.639929104111430114e+00
-5.532945812660436502e+00 -4.579819550916830906e+00
-6.251005485961818486e+00 2.993750112043431777e+00
-1.453783672276646843e+00 3.739883047286871598e+00
-2.424403771882281955e+00 2.666866652083452749e-01
-1.232886752420434107e+00 -2.861232072079570976e+00
-2.552829202308530387e+00 4.549333593715315871e+00
-2.016114814905624719e+00 3.488260897842436314e+00
-2.060783221133923426e+00 7.426629576334189409e-01
-1.381016410246352244e+00 4.315430192612839555e+00
-2.545861423313389160e+00 1.733030978882430073e+00
-2.129486448076417737e+00 2.113471198653758876e+00
-2.653446719998732828e+00 1.918066424960749305e+00
-2.042517764204366593e+00 3.817263913203749581e+00
-9.046201121545776047e-01 5.173232689086473712e+00
-2.506027184093491122e+00 1.058298988823020093e+00
-3.141566130133827794e+00 -6.709795974404224594e-01
-3.669697320877736146e-01 5.339624319573088584e+00
-3.199278438809983083e+00 -2.920169013506992428e-01
-2.127033659457517434e+00 4.215181153009952553e-01
-2.519633790696624409e+00 2.276504496575388004e+00
-1.870756257980758397e+00 1.298090772394000503e+00
-1.200382564229089732e+00 4.859593879401908012e+00
-4.545041611033795448e-01 5.390980872876023788e+00
-3.219132952106870782e+00 -6.033513032522105135e+00
-1.035330387910369465e+00 5.067098080133157545e+00
-2.250042778106777419e+01 7.618689460328109675e-01
-1.928518466464279157e+00 3.817480531216011386e+00
-1.841676410238279660e+00 3.582639921849814613e+00
-1.940900008753770667e+00 -3.476263860242539749e+00
-4.164763037943638224e+00 1.367205260558986168e+00
-1.713986041546451178e+00 4.362756279614978361e+00
-3.119324622032785932e+00 2.576306559607719038e+00
-3.383996761351359961e-01 4.995375598660361405e+00
-1.220055632213357555e+00 3.264067107358856301e+00
-1.539086714000620582e+00 3.967406880052696927e+00
-1.650612224803179817e+00 2.724011288625855620e+00
-2.232437584362398475e+00 -1.166119188288258712e+01
-1.034605117569524779e+00 5.282561850940484582e+00
-1.435070736357274779e+00 4.267315370936833219e+00
-1.973838325956666528e+00 3.325903431907796026e+00
-3.081813411002101599e+00 1.222005451580817414e+00
-1.643388847865945301e+00 1.850685753053132654e+00
-2.742538265870460457e+00 8.007770499019075672e-01
-3.463361489898559853e-01 5.256773293709066763e+00
-3.570429133217865481e+00 -3.062386320770508874e+00
-1.635054478137506040e+00 4.185055590136971482e+00
-1.090624979968058383e+01 4.406511712993740559e+00
-1.674169092997966901e+00 2.468707776622289352e+00
-2.446781850569827554e+00 5.070100017214324239e+00
-5.693744611908291287e-01 5.486134721375744761e+00
-3.009705229482178446e+00 1.430859032430081168e+00
-4.117502648126658560e-01 3.504782978435289742e+00
-1.434614945995755786e+00 3.637881640837195896e+00
-1.594019575139171696e+00 2.571979307381573765e+00
-1.712484978679481351e+00 2.279353580222209796e+00
-5.089239589483725013e-01 4.211264724070920451e+00
-9.852973533447482168e-01 4.147863093822272695e+00
-2.494125461391989873e+00 1.597033208481895450e+00
-4.605345180137454086e+00 4.287897679604155243e+00
-2.078238273518100865e+00 5.697812671156210484e-01
-5.436983000672794830e+00 -5.123494313207864082e+00
-4.900245713356271793e+00 -2.866326009598925140e+00
-2.034751395647423244e+00 3.341716823571895922e+00
-1.274747640726500153e+00 4.997127024178711352e+00
-1.233460317376290361e+00 -1.002982801282902514e+00
-1.830544801023327839e+00 -6.865403182778296198e+00
-5.780450913317526584e+00 -1.761165534798045051e+00
-2.899110511689115377e+00 -4.710110705590135893e-01
-3.017118160166955665e+00 1.504240728764878021e+00
-3.138370097778720336e+00 4.318787539951073562e+00
-1.079228713439063903e+00 5.660656834557917350e+00
-4.216201909692262717e+00 -3.576643943800892345e+00
-1.434362929722119206e+00 4.652258768307181214e+00
-2.264542754848081429e+00 1.484994633819500365e+00
-1.814036145014439771e+00 3.120456079197842847e+00
-2.086101058944055620e+00 1.336906328477226680e+00
-1.041562213910030898e+00 4.058370243476472794e+00
-7.236487121698014224e-01 5.392983178954737333e+00
-4.202923480945799373e-01 5.629450182853714679e+00
-9.770027011138515682e-01 5.040434666125376495e+00
-2.053874202698438900e+00 4.732764083488186557e+00
-2.553417569578639856e+00 2.919975483933700211e+00
-4.005393937517645053e-01 5.646313025223134829e+00
-2.345868767696379642e+00 -4.184750947767835072e+00
-8.682446380378699757e+00 -1.066882828585590381e+01
-3.027962550992484125e+00 7.915142643648316323e-01
-1.261799655274312038e+00 4.474131056677260077e+00
-9.246275428282804132e-01 5.301059514451452515e+00
-3.516238083208229614e+00 -3.431999926087849317e+00
-2.644299140218779431e+00 1.737230656439189946e+00
-2.206521997242310462e+00 1.333896884256698279e+00
-8.413203173869333584e-01 4.999538844912384761e+00
-2.830983684929254895e+00 1.784239223760284432e+00
-1.835384624874888626e+00 2.988333900768047613e-01
-1.524764102310519176e+00 2.166047084633229147e+00
-2.157414774502742549e+00 1.585584525241864995e+00
-1.226541517852331564e+00 1.517976410140155608e+00
-2.811242547859177598e+00 -7.092653121005048078e-01
-1.027887381267492017e+00 3.417202997039075374e+00
-3.630677486160191147e+00 1.897752878869429338e+00
-2.823913674953836050e+00 8.254183123830900470e-01
-3.076754224419056438e+00 -6.101287301182090062e-03
-2.846796283137965844e+00 2.906875759770414902e+00
-6.629560816130849465e-01 4.848889123700973691e+00
-1.193164192883655161e+00 3.663551082660228886e+00
-1.216463731173611507e+00 5.098845456859962155e+00
-8.043444312264922402e-01 5.352646052469201443e+00
-1.444640678049829097e+00 3.920658284880165212e+00
-3.420136285070819682e+00 1.123529294856953520e+00
-9.674147866327311718e-01 5.152229646105398686e+00
-1.103858188735176604e+00 3.668485001386265765e+00
-6.646949246724221716e+00 3.841779144851201977e+00
-1.150168423535792739e+00 3.856594453908618103e+00
-1.104973147447877224e+00 3.092223725793862066e+00
-1.303334690852528954e+00 4.379091890652653696e+00
-1.139622257926937499e+00 5.079692565866405829e+00
-9.170083587361211874e-01 2.908680043531396642e+00
-3.041279407994279982e+00 3.203814713441728301e-01
-1.342866080979834509e+00 -4.591663512298229222e+00
-5.438710246888298627e-01 5.360810915854067105e+00
-2.790798622754346425e+00 5.003575156222943576e+00
-4.168736622293926608e+00 -6.328135192860537828e+00
-1.942449837074831986e+00 1.328459004392168463e+00
-9.008173082895938322e-01 5.338654906346070206e+00
-9.555505394351812010e-01 4.357383975130550979e+00
-2.521539251080565869e+00 1.973168345675088364e+00
-1.116906434127035386e+00 -4.187355981464486732e-01
-2.207805510325220766e+00 4.819669416489329450e-01
-8.247740123651233546e+00 -2.464568599441294694e+00
-8.266846160274718969e+00 -1.344425463401788789e+01
-2.680217101962780291e+00 2.221468365792409472e+00
-1.976468489470561085e+00 -1.417543088866957568e+00
-6.138473264045976485e+00 3.694148622166784968e+00
-6.621816925977056734e+00 -9.816741942617834837e+00
-3.087073554475115333e+00 4.895240571421664910e+00
-1.481561964404757514e+00 4.596486862027164833e+00
-2.184821336260232449e+00 3.443571567294122726e+00
-1.366988152083577379e+00 1.430216130363147986e+00
-1.785367594536738878e+00 3.432606925243260498e+00
-9.998078702924240169e-01 4.395415568856141597e+00
-2.718606811598521578e+00 -8.011911405372719841e+00
-1.802473492748797979e+00 2.050718837732945943e+00
-1.003701222778689228e+00 4.761885584827906470e+00
-1.889697452193031202e+00 3.908982878429613450e+00
-1.171318434750204363e+00 -1.249315768260741422e-01
-1.812108074065292174e+00 1.847735198486735619e+00
-1.851528841344217691e+00 5.077648895746946778e+00
-2.388714566582101018e+00 1.467741072803928404e+00
-2.123745935595265699e+00 3.700636311121758837e-01
-2.184467956926648746e+00 -1.155722051823650176e+00
-4.425077868801377434e+00 -2.102689725206563054e+00
-3.492696060787638945e-01 -2.879529722605358444e-01
-1.029229809431377873e+00 5.111012505367903636e+00
-1.306501179208951591e+00 3.959714461841405075e+00
-1.332352871813249573e+00 3.979759511514518344e+00
-2.614270961551066641e+00 2.839026765528454899e+00
-3.131486325511898094e+00 1.120003169495776163e+00
-1.380735013427023761e+00 3.283233440639806489e+00
-5.306496334591436437e+00 -7.853774625041744173e+00
-4.996682254197518880e+00 5.009667498031191712e+00
-1.950813476119100276e+00 4.160439166747793571e+00
-2.899708490354190982e+00 1.315043549197241202e+00
-1.047112742158595733e+00 4.793796013445020598e+00
-3.854125104218384834e+00 1.283521157372073063e+00
-4.374237328814756687e+00 5.314162201880714420e+00
-6.586398849444383696e-01 5.437992657153387199e+00
-1.275621520946048193e+00 4.543190362850589636e+00
-1.860251026806345021e+00 8.222375490045648050e-01
-2.834765125907798389e+00 -7.489197703846164345e-01
-1.411496733393902137e+00 3.637442802481099413e+00
-3.291925760322193639e+00 4.911502065978066156e+00
-4.047642653095172349e+00 2.470851273041243523e+00
-1.854024547731190076e-01 5.477611934325906873e+00
-3.104511672548669665e+00 3.829902996829281481e+00
-1.990409387793154572e+00 -2.605981703798201821e+00
-2.170608415244445144e+00 2.441935611205550138e+00
-1.508175157212888529e+00 4.021279790314100211e+00
-1.101080018458704846e+00 4.855233482951419433e+00
-2.358032585431949713e+00 3.229701009219209329e+00
-2.270420128167853324e+00 1.234810672811354593e+00
-9.877762723053312044e+00 2.672320922456472125e+00
-9.750127682830183051e-01 4.252671144032576400e+00
-1.538208500111751587e+00 1.807854988601664825e+00
-5.222642265200688527e+00 -5.484624149348084288e+00
-6.123093809524817743e-01 -8.331964814663699315e+00
-2.918332170525907543e+00 2.011050077690666349e+00
-1.958184406866479099e+00 -1.263515149114914138e+00
-1.268005207195966211e+00 3.067098014597937627e+00
-2.016477152087202462e+00 2.512246657902291957e+00
-1.576678273901409355e+00 4.045643575960429672e+00
-1.939675312580018351e+00 3.739629536329401649e+00
-2.421361716163986433e+00 1.102174154064267331e+00
-1.829396545270814078e+00 2.797982564551439122e+00
-9.155793872219373242e-01 3.692439583957695337e+00
-5.251799189223762987e+00 -5.371429200371419910e+00
-2.839029152822587498e+00 -9.258906232483870014e-01
-8.844869298356696774e-01 5.440876629502685802e+00
-1.359224306291490159e+00 -3.772595427644253263e+00
-3.992833904141150470e+00 -1.974016993343273185e+00
-7.936566434572314144e-01 4.802570174678115755e+00
-1.378290063880627514e+01 6.919261516837833526e-01
-2.927377384437467978e+00 3.119749636213091648e+00
-1.185479969678925549e+00 5.095567361526329719e+00
-7.054683597196290457e+00 -3.070626249648809036e+00
-2.967370274548225773e+00 4.446395910227916914e+00
-1.917167967895099467e+00 2.694093863856190652e+00
-7.108257906497977174e+00 2.737376637459165263e+00
-2.997026714120648805e+00 3.130561155943077267e+00
-1.294882776359397969e+00 2.305592154599315879e+00
-2.735361067766485910e+00 8.676150161075266709e-01
-5.078183948101512968e+00 -3.582753566465394002e+00
-2.037435176280241844e+00 3.316473960897285522e+00
-1.105201873309091365e+00 1.088453228810030371e+00
-1.863544587517146578e+00 -1.343752829444570196e+00
-5.139774030565455121e+00 -6.443610778659996541e+00
-1.330581102864529353e+00 3.542716449583816818e+00
-1.030168207951111192e+00 3.366597198237557098e+00
-4.923433375100898512e-01 3.932293936982529381e+00
-3.433994277266442463e+00 -1.562456906287405189e+00
-1.523085507678574757e+00 2.949668297857244159e+00
-1.627026423569395641e+00 3.117696450589538593e+00
-2.411018531490231265e+00 2.790308855187983994e+00
-1.210637212760562464e+00 4.529777182088624343e+00
-5.351270801170183056e+00 4.880651538710743864e+00
-3.553022359964337351e+00 -2.626281023327195818e+00
-1.386174040680437036e+00 3.045588069253624575e+00
-3.176532402198425586e+00 2.077130948308758995e+00
-1.357437423071891969e+00 3.481536201002657815e+00
-1.964668121645233523e+00 2.131947678256198575e+00
-2.531130317354209680e+00 4.230228353185634838e+00
-1.223469529770343733e+00 2.024528185022764770e+00
-5.648777178649939223e+00 -5.592619197442214585e+00
-2.788897979467532373e+00 2.238718651438326823e+00
-1.726069740393324725e+00 3.526292864876757083e+00
-2.155190274417608798e+00 2.251769293525675231e+00
-1.547857688552295130e+01 2.500598961491049543e+00
-8.508437986275714238e-01 5.342709343574723491e+00
-3.400588312308308936e+00 1.838379677816766034e-01
-1.645354170229946567e+00 4.396187017016561782e+00
-1.634061218553268802e+00 9.339453373744586173e-01
-5.068394338288966239e-01 5.152123689140147178e+00
-1.369632532169392958e+00 4.129313717214181167e+00
-3.242665006311185927e+00 -1.390545182568843074e-01
-1.279290015720240881e+01 3.716156908382928226e+00
-6.919676772222741468e-01 4.702592127974965841e+00
-2.739825884088243679e+00 4.651450298185890730e+00
-2.528650814108142075e+00 1.430662523186755131e+00
-1.061073925106706728e+00 4.375961821367141624e+00
-2.414256480422996010e+00 -3.461821759827918399e+00
-8.683922477174604637e+00 1.121043848152249112e+00
-3.743957222991216138e+00 -8.510499414802364271e+00
-3.599870852594777126e+00 3.752233853073650760e+00
-4.078339966580351472e+00 3.924524101049949198e+00
-3.206625361833574051e+00 5.114517207518550990e+00
-8.082024465678241398e-01 4.892495690642478579e+00
-1.881326707774356066e+00 1.726981865433280916e+00
-2.490181901141713450e+00 2.508282692097667077e+00
-2.940438160586475558e+00 -2.068926091028300718e+00
-5.391592824720357058e-01 5.598783037231074289e+00
-1.331704439283182495e+00 2.502825683776203292e+00
-8.468524933396198051e+00 2.191402360560223084e+00
-2.011504562696194043e+00 3.639533367965209543e+00
-2.145982161667768118e+00 2.251842309009992160e+00
-1.834248106818472168e+00 1.941200520529931861e+00
-1.078317805638118188e+00 4.659053653054936461e+00
-1.411543931992102152e+00 4.251912243266138702e+00
-2.977631161800633031e+00 6.398536488754045237e-01
-2.954476408503794893e+00 3.238520244612290711e-01
-3.810011232483617505e+00 -1.822224509092398748e+00
-3.037495773700765955e+00 -1.141239299222892356e+00
-1.620356414623409735e+00 2.989320077379079343e+00
-1.266042254147376589e+00 5.596765506567547455e+00
-2.008570340869183291e+00 3.634198116551807356e+00
-2.692125400652024769e+00 -9.068615868977651928e-01
-6.704102431100293025e+00 4.123344091944549206e+00
-1.720496925008863531e+00 2.743830077388719868e+00
-9.124655753157946414e-01 3.934278574729251243e+00
-3.609601654358501222e+00 -3.946194572180607096e+00
-1.928823492431597675e+00 1.757416126809967949e+00
-1.272562326847828995e+00 5.351430189219554379e+00
-2.812947501606954503e+00 3.636171501256094452e+00
-2.686297714078674570e+00 1.821949743806984934e+00
-5.375171992635505713e-01 5.508889592722114870e+00
-2.443892388849955744e+00 6.121737771356450253e-01
-2.289468899858823292e+00 3.912941477216347774e+00
-8.182220654830847373e-01 4.932112851571673673e+00
-1.909964833107256732e+00 2.173450446771410860e+00
-1.030240166810419966e+00 3.733993635585080462e+00
-1.225391340343928714e+00 -1.790220893188894991e+00
-6.962888984430881667e-01 4.298684538696772250e+00
-4.228212569436918145e+00 1.854272620934271032e+00
-1.559871138099275134e+00 4.061989223813029959e+00
-1.073315833241559769e+00 4.051935787344321582e+00
-2.363823746285753646e+00 3.114372620104702172e+00
-4.908354351614597988e+00 -1.020873324327986964e+01
-1.057516858507509872e+00 5.238177385915138373e+00
-1.649520139974954835e+00 -2.675912213463253586e+00
-4.208498886201424760e+00 -1.495452148193613162e+00
-1.190532474018276998e+00 1.449009989666301124e-01
-1.317851283117326577e+00 4.069586019487916317e+00
-1.745352232264317127e+00 2.901552322982669185e+00
-1.287503821460223019e-01 4.125857163374941017e+00
-2.110591393697137441e+00 1.566972881789800986e+00
-1.657569044257346524e+00 1.389720421753999791e+00
-1.969956581194625800e+00 3.569717130604066035e+00
-3.945741443392875247e+00 -1.165352828679436570e+00
-2.859460352858856247e+00 -2.891820966127252035e-01
-1.665840918455399278e+00 4.574644210217672757e+00
-1.940623969337434307e+00 3.388186629446285014e+00
-4.618645891159100181e+00 -7.160440955847304778e-01
-8.575253764383427679e+00 1.136400607820197806e+00
-2.397200373873872525e+00 3.290708212286979517e+00
-3.239188230065169094e+00 1.450916579224005964e+00
-6.288355543079067189e+00 3.131495523571484529e+00
-3.663083657160228768e+00 4.605385629600569075e+00
-1.818869838463758271e+00 -2.217874118701157471e-01
-1.814535403450384221e+00 1.246749283595381730e+00
-7.399815046136247743e-01 5.175846402953856007e+00
-1.447569007176381817e+00 4.679976001061833202e+00
-4.659482525505360684e-01 5.632182394238840928e+00
-1.899198969850628860e+00 1.082195618659012037e+00
-4.322149934555425510e+00 4.128782293501332745e+00
-2.390934656626745536e+00 -2.163705783752550182e+00
-4.742845726729157718e+00 -2.177839935385287973e+00
-4.951428867070763573e+00 3.872452890401734571e+00
-6.876268995076642021e-01 5.484363709669352716e+00
-5.560439145841932884e+00 -2.471769582372767005e+00
-1.617406235982607798e+00 1.172175731882437066e+00
-5.147027317600971763e+00 2.346647043713047331e+00
-2.749007635213069456e+00 2.530053855708808364e+00
-1.859280145797889583e+00 3.888526122701580601e+00
-4.559423800180836039e+00 1.640253839904517008e+00
-2.160684737288913748e+00 2.917935641543294878e+00
-2.051317154710695867e+00 5.902876786203101744e-01
-9.792466959395612625e-01 5.012391365441106750e+00
-2.665766219119077629e+00 2.912591145685509364e+00
-1.798292920557942987e+00 -1.421385210362338114e-01
-2.364950228667756171e+00 2.702232874509371108e+00
-2.181904224148085270e+00 4.191014793004024241e+00
-1.300047817268229933e+00 4.795511506411155978e+00
-5.403200785793788263e+00 -1.425996791968575650e-02
-3.091489525949735473e+00 1.748297955935436576e+00
-1.061051174472513514e+00 5.248991046285881090e+00
-2.784949396848554581e+00 -5.377659577661351165e-01
-3.004572087608675446e+00 -1.658199762126184140e+00
-2.727290553460581801e+00 3.265562267577372779e+00
-4.254671455944157188e+00 -6.147586034295574819e+00
-1.037254891818447655e+00 5.193202877325006739e+00
-2.878560683785367669e+00 1.243232210045845942e+00
-4.552800046717268678e+00 -4.795174737056443703e+00
-1.391526423957150538e+00 4.945959052514748322e+00
-1.101627721007879757e+00 4.008606670055693932e+00
-3.782107330584961513e+00 -3.535408244053220628e+00
-1.267921211377693425e+00 4.607743410785870353e+00
-1.964515413324911419e+00 -5.488512293499869799e-01
-1.641445807071760576e+00 1.411304965182557325e+00
-3.285818315145039747e+00 4.798182041959604405e-01
-4.338865104979158005e+00 -1.588691143630076574e+00
-2.586819914900970296e+00 8.809620067425898426e-01
-2.312370436889964687e+00 1.322802449849524997e+00
-2.721744172126154826e+00 1.900804690271003405e+00
-2.041148226653815456e+00 2.564553399569687642e+00
-1.173210787195597460e+00 2.462154508450551837e+00
-1.340409460079989223e+01 4.897491743395514519e+00
-3.518094721657932133e+00 -2.307030397672553690e+00
-6.608538346411676478e-01 -2.577445864401472164e+00
-1.754917144892356173e+00 3.734454565895539702e+00
-6.096017513698832602e+00 -1.047808749105579729e+01
-5.914656654483001486e-01 4.651539439812077958e+00
-8.454534146633521985e+00 1.906664350172555977e+00
-1.289252474016485905e+00 9.792055237392549571e-01
-6.909888757641220458e-01 4.050705628554567284e+00
-1.497868565970441379e+00 4.249797984139281226e+00
-3.552646600344006700e+00 3.712132233187528385e-01
-7.809044279427541646e+00 4.442461755241703614e+00
-1.316851118177553959e+00 4.869450843359396153e+00
-1.139670619345927838e+00 4.010833194656550305e+00
-2.421285937590997417e+00 7.702445276715961242e-01
-4.090402054672630072e+00 -5.204602798121634066e+00
-2.465584364526960393e+00 1.164042638157420040e+00
-6.220591263096837409e+00 2.478422069633074099e+00
-2.893482766589001720e-01 3.447969250404894659e+00
-1.867362725249919864e+00 3.069660474628219227e+00
-1.434491783577688695e+00 5.136895569589723820e+00
-1.968052914921809782e+00 2.188753242654222220e-01
-1.352226874956129032e+00 4.311945839479067288e+00
-1.300481004002893570e+00 4.612738115091194580e+00
-1.112380382408700408e+00 3.981623290347736877e+00
-5.912661108902398155e+00 -1.401594386470769749e+01
-1.504029237824680454e+00 -2.091159452086959192e+00
-7.551317992448987937e+00 -4.929139013150248161e+00
-8.148719259531606030e-01 -1.588008017674916950e+00
-1.078594563728477951e+00 4.226560856103533936e+00
-1.334605631904659973e+01 -2.532361819448769680e+01
-5.699988622202742938e+00 3.480009675193749263e+00
-1.950305953432559525e+00 -7.637433232346229062e-01
-5.518823926802935098e+00 4.533601139842906136e+00
-5.900467938845366245e-01 4.991229350077468929e+00
-2.563668832423058319e+00 8.133110613463010452e-01
-1.743908730741829949e+00 4.330868435793520987e+00
-2.462711411073446044e+00 2.316530389060497797e+00
-2.212160803710900847e+00 1.841614235657232701e+00
-5.697438347416820648e+00 -4.558136788527141547e+00
-2.543329878321350712e+00 3.003931333474559207e+00
-5.064540972667398222e+00 -3.278246730175446544e+00
-2.673755244078257043e+00 1.249231924450136866e+00
-1.687622785089944788e+00 4.084458435070406068e-01
-2.241111914751853451e+00 2.953414514187754136e+00
-5.101491131076827390e-01 2.056743538620567247e+00
-1.362047751401228579e+00 4.866069222499245228e+00
-1.156965639307543814e+00 2.329894854142767091e+00
-4.171621066297509728e+00 1.215655398476052973e+00
-1.235631641041289797e+01 1.547613084692917695e+00
-2.075956125263628937e+00 4.220009134840735143e+00
-7.146545095947746340e+00 4.491335606823164461e+00
-1.351760331091871770e+00 1.964551841452384373e+00
-1.541352533356998400e+00 4.403505654364046507e+00
-2.173069189731213768e+00 1.257328897904836484e+00
-1.324309602760428195e+00 4.339447467522457913e+00
-5.426394267691589945e-01 3.640274611106531388e+00
-1.176965347250812810e+00 4.994361676335143052e+00
-1.632050532057859105e+00 3.829148675536973911e+00
-4.876090909513140836e+00 -2.371914438304630224e+00
-1.635404797324582216e+00 3.817819183261836002e+00
-1.404034490018160275e+00 1.670458382207811177e+00
-2.655975792560133719e+00 3.310244796731076633e-02
-2.236115333265490168e+00 2.151379875873784542e+00
-1.177759366505616612e+01 -1.762977559011274309e+01
-7.444958331328913381e+00 1.241593100648958448e+00
-2.911559723372580066e+00 1.614486802976355939e+00
-1.833093267158226958e+00 2.489031689592220431e+00
-2.562192087439296273e+00 -5.303740981155868894e-01
-1.514602611290259082e+00 4.544796680518333964e+00
-5.670973309871960577e-01 -1.341105195983547560e+01
-1.276348470029164295e+00 4.873635798366117378e+00
-2.730628431316478366e+00 -1.950009937741101318e+00
-2.569190130166376207e+00 -9.621129365159690749e-01
-1.080281898907576643e+00 5.109248248687351612e+00
-3.907159320529565605e+00 -4.452027073137326596e+00
-3.585454954064061006e+00 3.229441511992305891e+00
-9.511178665377049146e-01 5.193615744606263185e+00
-2.094689175522985281e+00 1.857702289450200883e+00
-2.712840658276682415e+00 2.088460374789467000e+00
-2.819591139183073469e+00 3.370232095179585663e+00
-2.347293355779092927e+00 2.701633593642768005e+00
-2.259974407984733702e+00 1.698494660220435826e+00
-5.580250575967812487e+00 -1.166117999496886171e+01
-5.405979682373025952e+00 4.462012197993436402e+00
-7.023911208552560126e-01 5.305818415851131675e+00
-1.277039463328648372e+00 3.938729691262871757e+00
-6.209584530780388079e+00 1.819591019543329580e+00
-3.617201048666554897e+00 -2.896061501572191332e-01
-2.714946871132551287e+00 -4.172349492603160570e+00
-1.170551319580125149e+00 1.017892114808714332e+00
-5.546133656596466288e+00 4.040872381763210619e+00
-4.078239885550802413e+00 4.165997866730755561e+00
-1.548747072704049099e+00 1.979255171582282813e+00
-1.330206229665661155e+00 -1.931855458227715872e-01
-2.012175572743086782e+00 3.842201703903687537e+00
-3.183330927228081197e+00 2.237419741709548937e+00
-4.531279202295208641e-01 2.813752051934784060e+00
-1.586183822973224355e+00 4.016340468457862301e+00
-2.846876435561109808e+00 3.412617085089308500e+00
-1.717839021417916445e+00 -1.257852846909974787e+00
-2.053293066230138741e+00 3.002171533387032465e+00
-3.474436625158912051e+00 2.007291479582904881e+00
-1.250255873930054884e+00 3.922490669426220045e+00
-2.012266246860300978e+00 3.979766420575447938e-01
-2.128810456810235952e+00 4.602785694737340449e+00
-8.734222578768556788e-01 5.085201686227956763e+00
-1.336750051767669145e+00 3.439368055419238512e+00
-1.502109787921854345e+00 4.228915425486940549e+00
-1.385769407809503750e+00 2.719181021237489393e+00
-2.514572202818603497e+00 1.303704523925523162e+00
-1.361023311006918757e+00 3.754442375144488864e+00
-2.624423997547403964e+00 3.456500854804763989e+00
-1.784676098406238198e+00 7.252890431912053515e-01
-9.595315170319054232e+00 -3.121119507731142306e+01
-6.063122046545245780e+00 -6.328399968164463374e+00
-2.279832902330908961e+00 1.771658163931717933e+00
-4.237289177857205047e+00 -4.328689840874204720e+00
-2.406970055764386718e+00 4.520482468861377612e-01
-2.324956365436373851e+00 -7.940220619785334222e-01
-1.258502784564630383e+00 -2.168692545708505115e+00
-2.162145621827004316e+00 1.829389829615544194e+00
-5.261779784030852447e+00 1.913557357764963385e+00
-1.261035157460681067e+00 4.706770897254241248e+00
-1.388929626959137575e+00 2.779410461033439361e+00
-3.176753712006695096e+00 7.965366270166196472e-01
-3.479181554484089833e+00 5.013984819837430607e+00
-1.372852664597345118e+00 4.917567972095084450e+00
-5.824896840185480595e-01 5.374211582973384083e+00
-5.946352784540039904e-01 4.890348905894907006e+00
-1.373840124475205204e+00 4.988118746182907515e+00
-5.882124277326626682e+00 2.144430754826598395e+00
-1.094813253664407515e+00 9.764930259466773066e-01
-1.994894063637759896e+00 2.209801540448688151e+00
-2.293952205027664171e+00 2.497614042509504806e+00
-1.306558384687778052e+01 -2.316294046168073706e+01
-2.493928673550197761e+00 2.834693232596510626e+00
-5.482908353714596394e+00 -4.428439410577139412e+00
-4.858154963088177958e+00 -6.658094817181456904e+00
-1.878536167621038588e+00 -4.567291544686172600e+00
-1.475953817214411767e+00 -5.720000175038006063e+00
-5.804328664214205347e+00 -1.290840650270768108e+00
-2.115411437031137876e+00 -1.418919056061888284e+00
-2.793244611575576908e+00 -1.304797744223685996e+00
-1.291296374614266940e+00 4.012812026935262288e+00
-2.314720227924643492e+00 2.399102472336607672e+00
-1.319228197674972014e+00 3.078694502923986942e+00
-6.445983283813105924e-01 3.612109995018541575e+00
-3.195576682696211535e+00 6.138895313065138026e-01
-2.086343270702132102e+00 1.271111547876368597e+00
-1.602968858951180664e+01 1.247102091752201325e+00
-1.939187255503522334e+00 3.735628890874104435e+00
-1.927090892225604701e+00 3.558597964478513731e+00
-3.516183836387834383e+00 -1.379228600194005949e+00
-4.413065726697240621e+00 -2.134623278488242626e+00
-1.822744953046069316e+00 4.677658140658497388e+00
-1.429163893526504969e+00 2.729142875861709783e+00
-5.170482412951475926e-01 4.885956987848222965e+00
-2.511605801874416066e+00 1.325713478704239723e+00
-7.979557667364621798e-01 4.959999945933163623e+00
-1.228920111305965568e+00 3.802582945625880395e+00
-4.625967726370422639e+00 -5.265533221722396462e+00
-1.034605746396461301e+00 4.173865211066642544e+00
-2.633988995492757113e+00 1.860451402914018004e+00
-5.335292334185924190e+00 -4.769666825735569660e+00
-1.062452220869344988e+00 4.090033576606449728e+00
-7.436659428339034150e-01 5.462397483471706394e+00
-9.204954164177365783e-01 5.391790843049625082e+00
-1.963916345957391396e+00 3.685596489918898655e-01
-2.796375161543142696e+00 1.912363186041144747e+00
-3.352291996370904581e+00 -7.675149789198618677e-01
-1.513856276767499009e+00 2.962969592444189892e+00
-1.478695906770207902e+00 3.118676524693196228e+00
-7.755892413894710513e-01 4.327697569661957289e+00
-5.392426447079516905e-01 5.471290574870435464e+00
-7.863239762611373695e-01 5.072619303412655434e+00
-2.545061405540652189e+00 -4.528200538605981151e+00
-4.644541643484116911e-01 5.393609182669695912e+00
-2.342869425689308560e+00 1.553631950730749445e+00
-4.110119552435382850e+00 -5.125321417920758904e+00
-6.960061049132519884e+00 -4.876872779464088481e+00
-8.336841557199010655e-01 -1.347570319728962573e+00
-8.823905173131491031e-01 4.679874802089607044e+00
-2.484433280993620485e+00 2.674588305869059379e+00
-2.768313094351041670e+00 4.327384628620548845e+00
-3.593703546567975415e+00 4.282155804009752487e+00
-3.546804134942668441e+00 3.129094608442795078e-01
-1.367318382861130388e+00 4.808758263569682612e+00
-1.137113758507764194e+00 3.512947729813190367e+00
-2.745285211575923867e+00 6.743891392849690192e-01
-2.530422855164698781e+00 1.467569606520540582e+00
-8.661516998169416226e-01 1.680025685017523696e+00
-1.327576042936681411e+00 3.560490172272894327e+00
-1.204842730953851193e+00 5.044226224637293754e+00
-1.407355081280025955e+00 4.027115075557549773e+00
-1.783830794349835047e+00 1.911415649521631455e+00
-2.231455033734739857e+01 2.554141770485498952e+00
-4.826927130819788303e+00 -7.450238269829348781e+00
-4.465679330777660994e-01 -5.830351499446264185e+00
-1.026932859337520476e+01 3.203607780715411302e+00
-1.660471946701222556e+00 3.618093041119103237e+00
-3.066508020154587122e+00 1.875706496558473546e+00
-4.223820806063701916e+00 -8.250045055936979566e+00
-3.832585972442918987e+00 -3.174911162551271815e+00
-1.098394282187023840e+00 1.729259777881700710e+00
-1.464903092866826295e+00 3.206855273239462178e+00
-4.399357632015703956e+00 7.333967173033375531e-01
-1.094086504914073110e+00 1.894416301501636646e+00
-2.122684928249181091e+00 2.343405750233426232e+00
-8.587088463406795213e+00 4.648014313610793202e+00
-8.782054512766124255e-01 3.398470775573168901e+00
-1.456027543886572628e+00 5.205101629868911672e+00
-1.958717512154685592e+00 1.669163721350423124e+00
-3.663951662963429001e+00 3.672651733239309824e+00
-1.289771508723076554e+00 4.341993469583986354e+00
-1.665720575281255167e+00 3.094361625569767682e+00
-2.858306528431815874e+00 4.117724771061608280e-01
-7.214834457344434515e-01 5.176351895890928922e+00
-9.392941747644558692e-01 5.160944187848343745e+00
-4.412970822397095372e-01 5.732459585604731345e+00
-7.250490577758984756e+00 1.148121075740952346e+00
-3.622991746705261029e+00 4.816393831000165271e+00
-3.750513113635318696e+00 -1.502750400703281919e+00
-4.959477078218841761e+00 -9.477641583202345288e+00
-4.139040644561067239e+00 -6.950330912473573264e+00
-6.988226884751464141e+00 -6.919668100197201355e+00
-1.427935465979349505e+00 2.992963460559707745e+00
-1.630111046966873811e+00 1.160535663868008882e+00
-1.741268632266594674e+00 4.016649516032662959e+00
-1.671138356709270800e+00 4.901589165137037796e+00
-4.613449970811481116e+00 -4.183256747815711662e+00
-1.115583798418441575e+00 4.168488909525178698e+00
-5.610894364694892777e-01 9.327930781245825642e-01
-7.836736195496818436e-01 3.806586945738337224e+00
-3.014934384598999983e+00 2.372776648901506302e+00
-7.527910048164051515e-01 5.253823236140703123e+00
-4.888600694938718405e-01 5.517853278283970653e+00
-1.993580557284200694e+01 4.389446553327286615e+00
-1.960417329680331111e+00 3.304996616004825860e+00
-2.120963943343109115e+00 4.843158234690510433e+00
-6.542732591626913674e+00 -6.098459836872041961e+00
-1.384333518713064981e+00 5.099076467234681331e+00
-1.018371065068515158e+00 4.857481148389176440e+00
-1.738789836097416996e+00 4.487523654282678187e+00
-1.651285967543553834e+00 4.413925725482374496e+00
-3.463589480913856100e+00 -7.507402498284765358e-01
-6.654449549862744284e-01 4.245106092201210046e+00
-2.083257943448804994e+00 3.483966236858442755e+00
-1.202607264234144990e+00 4.957265911902005051e+00
-8.566222855569236572e-01 5.223236879416798040e+00
-5.987514936841788149e+00 -1.069732569811087686e+01
-1.691526216769235313e+00 2.570991762372099032e-01
-6.231889507522722305e+00 -8.828136925167308746e+00
-4.178470777403642700e+00 -1.220922987920083358e+00
-3.097250111958974372e+00 2.367053459430337625e+00
-1.909575056987737440e+00 4.248390908909277286e+00
-1.994789804254805565e+00 2.527958926332562584e+00
-1.408331109112308299e+00 4.842225370572370124e+00
-1.724560146210015077e+00 2.307133559952061042e+00
-2.672695374503242238e+00 1.645694420460772189e+00
-1.521460445814913465e+00 4.219418885155452159e+00
-1.280568248153118205e+00 4.083590400942339826e+00
-1.689307174848511117e+00 5.050858717926320907e+00
-7.625842799496315161e-01 5.323911852085863927e+00
-2.282092544080863483e+00 1.954248442768151239e+00
-3.836930319037933579e+00 5.410537584906163211e+00
-2.930647175037221608e+00 2.640047928654905007e+00
-4.613952523493110025e-01 5.521122828796999116e+00
-1.323247032293201286e+00 2.696270281906780752e-01
-3.683281649550014691e+00 2.236721928348377464e+00
-1.426397599813999273e+00 3.817579953108515944e+00
-2.521178133410802324e+00 2.278046610274363726e+00
-3.083057275734661040e+00 1.112169008492790656e+00
-5.532654356531114814e-01 4.402950149870410002e+00
-3.868145034935995596e+00 -4.078736963421834005e+00
-4.599834444874447037e+00 -4.540525031750920704e+00
-8.693257948767740828e-03 4.872963814142464045e+00
-7.766377352005191526e-01 2.993472566516010236e+00
-2.314613242286224004e+00 4.875841863666842357e+00
-2.369995969012921311e+00 4.776592769459311327e+00
-2.046636937641942655e+00 4.640764905717614575e+00
-3.040412184154649644e+00 -6.005330145631848637e-02
-2.223760613708278822e+00 1.880655251100132652e+00
-1.520998616779286827e+00 1.850147293410664417e+00
-5.358796030826810330e+00 -7.401022858578063079e+00
-2.891874555745392872e-01 5.289169424893804816e+00
-3.148138065809126473e+00 -1.478262007156089908e+00
-4.287017258834517008e+00 3.024104189132386544e+00
-3.940545321257951095e+00 -8.973654819558536389e-01
-2.601088065686554263e+00 4.949633138935665144e-01
-9.404416989108761449e-01 1.115878960698084565e+00
-2.695604322832123145e+00 -8.868257950083799912e-01
-2.009397011258457155e+00 1.784319666350634215e+00
-3.285029842172213499e-01 5.033522920756945851e+00
-3.350848181159308048e+00 7.539590750028981603e-01
-2.049753465299278155e+00 -6.067657080020019578e+00
-7.687462031361310677e-01 5.135593317674339353e+00
-6.959334340495133553e+00 -8.071237925934802604e+00
-5.422247188332140588e+00 4.768967161052508175e+00
-3.029361813385666125e+00 1.604230456070162791e+00
-5.632346000765191540e+00 -1.379617481549422564e+01
-2.718435280154593237e+00 -6.740605178271996678e-01
-2.512945976808456550e+00 4.846699169641862426e+00
-2.405189494972416409e+00 8.627981157095785392e-01
-3.263494462593252265e+00 1.553995314661173133e+00
-1.717949149614403259e+00 5.057238065722352793e+00
-6.784257083783646891e+00 -9.177466008643538231e+00
-3.492222396261464024e+00 1.893207971125146827e+00
-3.505049966142183671e+00 2.107577116952692009e+00
-2.145064100683469199e+00 2.363188537210983320e+00
-2.663326944680076469e+00 5.106669591193625735e+00
-9.244977180799134331e+00 3.742928425615061894e+00
-6.878997752100333152e-01 5.099692140798978812e+00
-2.583423285042464101e+00 1.826537289813575438e+00
-2.150001229784935575e+00 7.443629066918404646e-01
-2.865750998361011881e-01 5.640155442037914746e+00
-7.878727074630922367e-01 4.273865842949057026e+00
-3.753457585319982304e+00 -5.084777930937002921e+00
-1.827420837025644840e+00 2.980165752166790138e+00
-8.683608655143546518e-01 4.717567932621262727e+00
-2.124916966909506932e+00 3.155700300387480617e+00
-2.210740971191677229e+00 2.048820186252561903e+00
-2.564524381497235161e+00 -3.467251937424212116e+00
-1.781854171738852521e+00 4.754930958483934766e+00
-1.018449949114123454e+00 1.018496776873397014e+00
-4.583044130501670921e+00 -4.150444996681654786e+00
-1.899192944389187687e+01 4.943405041220371388e+00
-3.422605175376492337e+00 -3.649112107185031206e+00
-1.044558957919361486e+00 5.134732703372243634e+00
-1.519425146202858290e+00 1.031114736962972067e+00
-4.071567625748197194e+00 -5.988997737089249540e+00
-2.398633792934270925e+00 2.743219530058972566e+00
-2.511409970596005348e+00 1.562897361214519165e-01
-2.761156272766798203e+00 -1.032559444521645275e+00
-2.706711831573192395e+00 2.597308967658471524e+00
-1.993224384340646971e+00 -3.980601445456297682e-01
-1.251043191358160112e+00 5.043255052516808945e+00
-3.072674712860700375e+00 -8.961713874580103933e-01
-2.212110400514397668e-01 5.586911016147929843e+00
-2.705106671129901663e+00 1.895237250512204152e+00
-2.005896274070663843e+00 5.451252105830963757e-01
-2.917130510696073653e+00 1.693244833956067730e+00
-5.119545918434252663e+00 -3.849429071845033690e+00
-8.561121698550602233e-01 2.580454782542276781e+00
-1.996311360846248828e+00 3.057225909938358299e+00
-1.174548159613165055e+01 4.754454735826574741e+00
-2.935129321404673419e+00 4.839862927994563968e+00
-1.912673340490375740e+00 -1.232287980998723498e+00
-2.920407143978835496e+00 -2.591817231381874365e+00
-1.891026418009836396e+00 2.230481757464395809e+00
-1.920757409555361228e+00 -3.987385652052662266e+00
-2.391421719728917594e+00 7.816724565224397736e-02
-3.045117583198539535e+00 1.025961274885474950e+00
-4.190903597837914774e+00 -9.701355138172770509e+00
-2.580085787502949479e+00 5.002145098482580821e+00
-1.596791840227342441e+00 3.302596329016011190e+00
-2.495537391497798740e+00 9.069108144921704806e-01
-9.320874907778471385e-01 2.234579483062664185e+00
-4.035382388854857894e+00 1.909727310848154058e+00
-8.908332336136766116e-01 5.415936075783888803e+00
-4.610450639831042974e-01 2.402031554751470566e+00
-1.310139241780835961e+00 3.883230034589492341e+00
-2.187573678254216780e+00 6.982726977302311511e-01
-2.213916979956003672e+00 2.212486595093197117e+00
-3.849379926100327864e+00 -2.895008314296630303e+00
-1.665276296014464030e+00 -1.691683323512519266e+00
