1.759790021955064621e+00 4.704752946042435546e+00 3.287973841992817836e-01
3.771053359561611806e+00 1.106934425740021322e+00 9.827843838149034061e-01
3.094077818286763204e+00 1.797478012803580327e+00 1.268842759677196064e+00
2.276430672360271856e+00 6.188747373964877063e+00 1.335665676267348001e+00
3.520777890565459867e+00 3.374025664486089759e+00 2.437781357304040331e+00
3.219489779351516923e+00 2.486240618017762360e-01 2.434146502686463931e-01
3.214783538634933269e+00 6.450402515224909372e+00 3.889205931599550303e-01
1.317348261139803522e+00 3.643122776265509954e-01 2.604533379360871037e-01
1.644614098198775132e+00 4.493628932293868949e+00 8.042232721517423855e-01
3.473263306813890061e+00 4.136867891860779523e+00 3.566022612396797076e+00
1.739283275520373317e+00 2.837002311800478349e+00 1.785262331547714520e+00
3.463676249543007124e+00 1.910296193154630728e+00 6.018454275032691925e-01
1.729989368162950791e+00 8.026547892972946130e+00 1.877667173331550421e+00
2.950876261214491425e+00 2.262493201683310140e+00 1.545173912503193581e+00
2.120958411969425583e+00 2.882549343707124567e+00 1.828605830644507435e+00
1.515907309254455715e+00 6.883328895674409864e+00 4.088628122925284991e+00
2.437837711453028966e+00 6.835746682800754037e+00 4.465642843290931197e+00
2.350831190597818310e+00 6.828912673184118987e+00 1.086949821132462635e+00
2.095272625979949233e+00 6.097750781409278176e+00 5.422676219114583418e+00
1.652247187646402882e+00 3.027927387366445622e+00 1.301427925151087406e+00
2.176807439014556422e+00 3.665820971122566441e+00 3.386029618286228615e+00
1.642064995006237371e+00 2.567415212708574312e+00 1.178968142007816633e+00
2.230626520549065184e+00 3.533976127563808856e+00 2.224950779943191126e+00
3.806920583892343668e+00 2.074255168542068706e+00 2.526639507549238717e-01
1.216551022633509005e+00 4.014937005717984064e+00 9.262378797752131021e-01
2.595713579114194758e+00 1.512044958181932630e+00 3.098401830683851152e-02
3.926180875652851121e+00 5.688971517752893448e+00 4.717596784070855476e-01
2.982338744952578224e+00 3.920620506483127432e+00 6.353933689094962700e-01
3.698609288679293172e+00 6.010469797622908672e+00 2.087312948501339527e+00
3.660624598881420777e+00 8.204350359367024170e-01 3.146370196968407695e-01
1.858242740138078553e+00 2.108702308806010617e+00 1.511126628164735974e+00
3.797748087771437575e+00 2.973697020679826331e+00 1.429605897981933937e+00
3.079658005320707659e+00 5.017825934756867667e+00 4.379491171568112406e+00
3.878127039543564081e+00 9.128791114932647943e+00 4.637801215841855118e+00
2.215456500765922154e+00 4.193411330067983833e+00 4.122269437232060518e+00
1.080403566964756479e+00 2.823452939374392567e+00 1.203398805171925545e+00
2.696186020064768485e+00 1.180564589542275655e+01 6.162682093477311440e+00
1.241777414772563759e+00 1.167878881107299316e+00 1.105682746550209705e+00
3.823500105924684256e+00 1.688818848681292506e+00 8.694345079103732443e-01
3.209160675401167673e+00 4.674359503251527492e+00 1.753972485280800298e+00
2.961404166644685532e+00 1.468123068420157162e+00 8.179912192019043182e-01
2.039525954126928831e+00 1.166962531244136336e+01 5.312821062974509623e+00
1.183334823504004873e+00 5.245845331918281396e+00 4.955206633191814980e+00
3.564095637400049199e+00 3.436399026203122986e+00 2.567195764962795668e+00
2.956431599640316765e+00 8.040258426610018105e+00 4.765912057756789721e+00
2.054066761691466070e+00 3.743158465149799330e+00 3.498335760669919026e+00
2.374621077631033916e+00 5.733167853362296285e+00 4.918749856672503640e+00
2.576927097467593519e+00 6.577917519144039105e+00 4.107595854037632499e+00
3.065070457331318110e+00 3.543764366290210521e+00 2.718730279035402653e+00
1.010791730926176246e+00 2.403605817217612017e+00 1.919101159380705468e+00
2.392608569239641714e+00 1.321446175176107074e+00 1.052441052638649177e+00
2.085910654923354368e+00 2.040057178110910030e+00 1.848080495884346919e-01
3.306676932183120421e+00 2.520042376608846002e+00 6.466550958801031701e-02
2.944091019960864308e+00 4.891886058870385412e+00 1.731988591834816793e+00
3.109586746148594205e+00 4.143172949211871625e+00 1.171695833652539598e+00
1.848591436464195770e+00 5.020523904287638395e+00 2.797264350195842186e-01
1.803530416721380814e+00 4.746633597874733823e+00 3.219373391135290641e-01
1.870994434363602466e+00 8.238657276383085204e+00 8.377049859361284101e-01
1.756407971140387936e+00 7.600257524243993146e+00 4.687051433654044530e+00
2.663013357589962382e+00 9.990426994861666410e-01 2.018719886104821393e-01
1.731311023568276042e+00 6.143274101256594122e+00 5.405050974925448948e+00
3.863648056691787236e+00 5.800566811695697655e-01 5.783213546288873408e-01
2.313182477116677127e+00 2.834020044608137834e+00 2.221074712598156253e+00
2.889961609895523420e+00 2.884736791303712522e+00 2.091994797216659929e+00
1.241618363468449449e+00 5.417734906828698627e+00 1.556044927899413954e+00
1.768195366003155744e+00 4.975656291603833270e-01 3.568047728765745275e-01
1.604518639471157915e+00 3.456354916752599760e+00 2.249165302272792655e+00
3.542197564275587851e+00 4.460283318788473395e+00 6.015315696372048881e-01
3.642369494435468980e+00 1.862749615399255987e+00 1.207265933421002579e-01
3.169004417085927283e+00 4.591390079580262906e+00 1.401253088209912789e+00
2.654250486084399174e+00 2.242573020670630690e+00 1.556547074860631596e+00
3.752633981855551859e+00 2.619349743307131995e+00 1.542160884768929430e+00
1.412416567874784645e+00 3.990911095475548898e+00 2.862708397303760144e+00
3.087247027544496980e+00 3.739243578949309033e+00 3.267911778233639986e+00
2.711504831059388998e+00 5.272626705662561086e+00 4.246178313871078025e+00
2.013390267248612364e+00 1.415298722658317798e+00 1.399356596251451201e-01
3.274245328774152419e+00 5.604568605104863765e-01 1.720121980504609183e-01
3.505698699434465659e+00 7.536960957823866103e+00 2.326943793918480718e+00
3.758960500646454150e+00 5.496301043744028725e+00 3.518680472675932869e+00
1.321683764665193550e+00 1.584527830569401496e+00 5.293642858217219027e-01
2.483925190189477217e+00 5.490340899229591898e+00 1.181684402440738912e+00
3.585473737995028554e+00 6.574945369261414818e+00 1.209855134169101759e-01
2.783937256562201590e+00 4.785481549113238309e+00 4.129802304119704282e+00
3.840631879660330927e+00 5.842178453534664584e+00 6.496797623395670351e-01
3.900002391951993719e+00 8.211856863749217084e+00 2.069952731823348824e+00
3.350657743935898658e+00 1.657186782516415713e+00 1.644707576695188189e+00
3.686639723028235949e+00 1.528010893187884411e+00 1.265003520362153022e+00
2.382501846737942408e+00 4.272829191313126884e+00 1.047080746840496790e+00
1.074808890134629102e+00 2.573040405661720875e+00 1.377901330077181408e-01
3.651183108626343099e+00 1.483203934129985857e+00 3.162281882651015175e-01
2.731259026431499315e+00 5.234661836900496468e+00 3.363159387995129368e+00
2.575559814162996730e+00 3.838418600599946107e+00 2.940893774790739101e+00
2.930721980619755307e+00 3.149352154187372133e+00 2.365234149931421559e+00
1.779486546840273187e+00 2.104214135281931242e+00 1.176954460898103627e-01
3.934599467954691399e+00 3.707157985198501038e+00 2.293430024519861554e+00
1.039436772257408048e+00 2.790022654567295035e+00 9.662408913418906176e-01
1.603969793250219267e+00 8.578806052475422828e-01 1.560005606017784707e-01
1.875763623842753081e+00 8.522720244998467365e+00 3.571578331570325560e+00
1.480311244957807748e+00 4.362929756055602404e+00 1.216174635323264530e+00
2.451923336242074480e+00 3.295388443435122383e+00 1.621859353399625614e-01
2.936917418819477543e+00 7.816166822644767365e+00 6.516994992729372882e+00
2.240235895634437924e+00 8.166315710251967896e-01 6.645769378298932439e-01
2.833116810834739319e+00 2.373542968803799447e+00 8.235122736393337695e-01
2.756637907325996117e+00 8.408996778056136989e-01 6.321518030034792845e-01
3.546910822826564669e+00 7.930550625957719646e-01 1.517746062558068647e-02
2.569813360867559737e+00 1.512923398820370302e+00 1.087027998450855293e+00
3.434946729559667844e+00 2.934349630129555297e+00 4.135943050696824774e-01
2.553548256272311967e+00 6.196530094204426575e+00 4.062089962931629827e+00
3.842518128129939647e+00 4.134735971174316127e+00 1.799521285383295144e+00
1.430575238432644669e+00 1.288713416406453982e+00 9.897542098683728140e-01
1.165462476757347599e+00 3.755355763061640317e+00 7.864118568715710023e-01
3.804671912876251838e+00 2.064841923408342161e+00 6.974955893027381393e-01
1.644918086348840180e+00 6.877736587253766132e+00 3.484114751559318268e+00
1.813085197415255090e+00 1.678904769914702388e+00 4.888973412377621841e-01
3.496428224911432014e+00 1.110117033152437571e+01 7.455940154096367678e+00
3.331340509223218227e+00 5.809846231490376489e+00 1.473724535149261161e-01
2.716397976315311436e+00 6.820612924564377622e+00 2.208629234669296615e+00
1.912167763440146828e+00 1.227475502689064157e+01 1.140291389212679141e+00
3.136863238234657292e+00 5.666031980292684622e+00 1.043834698840451436e+00
3.880016610105089025e+00 1.875676677451210139e+00 1.555630212615907615e+00
3.896352674760781287e+00 2.668843326960642415e+00 2.032462673080026871e-01
3.411089142645167271e+00 1.118067115054967076e+01 5.831475113925355558e+00
3.598954639955226575e+00 3.952626397506397993e+00 3.889646559709201590e+00
3.896064397809262836e+00 3.314931464052347510e-01 1.406323515065980856e-01
2.150174332568690616e+00 7.169477057133812004e+00 4.558539639956631362e+00
2.943229355248805579e+00 4.012948316273323712e+00 1.747913248405594144e+00
2.917789261689659241e+00 2.943936066259409845e+00 1.627492942088349714e+00
1.654308901183727309e+00 1.763685129388760542e+00 1.384296809195199485e+00
3.660365298904852516e+00 1.038230470674079475e+00 1.687155686359151918e-01
2.690416254488027015e+00 4.019799874584690791e+00 2.342901682939737551e+00
1.894976870730166407e+00 4.474347996187233889e+00 2.552253964732696279e+00
2.084630425414411015e+00 5.374420468015453700e+00 8.331192436980657812e-01
1.063600741950897266e+00 6.095231423801995341e+00 1.517007421986383831e+00
3.285536889834791197e+00 1.288591573253292433e+00 2.552093148731272021e-01
1.838434801690220777e+00 8.761631930415610947e-01 2.512741852804019627e-01
1.822962811276116923e+00 7.288598753214432513e+00 4.210766289380771354e+00
1.381095873324392098e+00 1.536734585069377879e+00 8.847340708939667175e-01
1.076298506390174214e+00 4.154748850749297340e+00 3.207885098456055850e+00
3.367177381346605713e+00 1.083296759811246801e+01 4.439426102540208419e+00
1.464038967816113423e+00 5.788032402371944274e-01 3.860066235643234700e-01
3.999107929928136684e+00 3.343050645950786492e+00 2.902826022173421894e+00
1.587808214868546841e+00 1.013116381592443993e+00 3.338346912473240669e-01
1.127350504542970366e+00 1.602687637399961229e+00 8.582047412184123925e-02
2.426100224789921711e+00 4.977856182380062222e+00 3.952636481170040295e+00
3.910986794184292403e+00 2.193925766471766625e+00 1.411533260995691874e+00
1.159072046848097948e+00 1.683892690240983425e+00 7.510590617099041078e-01
1.881286732615381041e+00 4.208607566133014011e+00 5.648390061596560152e-02
3.632821701905544209e+00 6.108584068233241737e+00 2.351181764723034195e+00
2.057589691531313214e+00 4.361733584702244926e+00 2.259291528238983049e-01
1.902236882092648074e+00 1.100311399311454785e+01 5.837494522327046020e+00
1.779685396897590088e+00 2.229852568444571581e+00 4.671865594742296568e-01
3.000336374772502257e+00 4.437841850600118931e+00 1.214931857830677364e+00
3.761061411928585674e+00 3.394529545951125993e+00 7.194381456341158998e-01
3.583105762301766362e+00 2.576342044125326414e+00 8.417266922192652157e-01
1.529715108413765456e+00 1.793933518306729979e+00 7.729211127728087864e-05
2.915017959735511699e+00 3.812641500635623792e+00 1.017222850239938525e+00
1.251952246253167811e+00 6.572203208276598652e+00 6.244424178668365855e+00
3.502172199631703009e+00 3.394390968575300427e+00 1.418400390370650355e+00
3.019741417999002309e+00 4.977369510693535837e+00 2.712217055628417750e+00
1.570801157318248098e+00 2.220522499497934454e+00 1.356298283020505258e+00
2.941753147422367931e+00 2.456998549557490197e+00 1.235407830519093253e-01
2.760507887304367802e+00 1.843067672377139143e-01 2.241625706143754448e-02
2.185965095687473436e+00 9.105416555818981905e+00 4.610042638333263554e+00
2.727444771381995370e+00 1.017082659376732146e+00 6.076327549003736062e-01
1.553985303141736996e+00 1.040909089270386367e+01 2.853350521923811556e+00
1.398542551555572278e+00 4.433403778759482883e+00 1.292405786042182259e-01
1.308788192628871139e+00 5.940994874141194870e+00 5.232073134242122947e+00
2.725724797058250548e+00 1.861163287441100822e+00 1.696762781277288523e+00
1.948833159287646666e+00 6.875937937321228155e+00 6.221614714893657361e-01
3.536885776242322699e+00 3.204535849230585765e+00 1.920507533777003228e+00
1.290549642597122348e+00 2.479031704580114681e+00 1.705982497564901168e+00
2.367561453160852203e+00 4.887746904711546492e+00 2.815984438332055917e-01
2.768882798942109424e+00 5.527170942358498706e+00 4.676524211417030785e-01
3.038650540457765281e+00 5.551340594621418933e-01 1.850355951926701270e-01
2.832723094815021714e+00 3.095400675569076387e+00 1.828064838560550465e+00
2.184263468883139048e+00 3.792655423380823621e+00 3.522124199723660531e+00
2.927976862859095419e+00 5.476892930129032555e-01 5.773981951429189158e-02
2.953420718720555449e+00 3.796330305845108111e+00 1.478200529091507898e+00
3.902023603661432638e+00 6.569382426906703820e+00 4.957559804340170295e+00
1.995395188246887219e+00 3.268310192948595816e+00 2.581404053206116878e+00
1.023100931714904682e+00 2.644636128703649280e+00 2.683223577030355647e-02
3.921118075884966636e+00 6.335293917125598639e+00 3.544928180546402796e+00
2.630243855538633380e+00 3.177683624561906228e+00 1.528562886431608092e+00
1.309261437440498721e+00 6.623001339738219251e+00 2.011331125974737954e+00
1.055125819273389887e+00 6.459363159603635829e+00 6.399844795945631937e+00
3.566355265558453169e+00 5.537045837367332801e+00 3.407334466718826338e+00
2.718238198642493497e+00 3.689690340516150524e+00 3.083568404509063665e+00
3.697585928800424249e+00 1.108977447574025099e+01 5.098686939467867774e+00
3.187443214974655881e+00 3.752351013246815192e+00 2.373060876938343888e+00
3.910748557758581434e+00 3.824757710780755104e+00 3.229097181909311498e+00
3.675903281853627469e+00 4.093487564416839142e+00 2.746817281437498703e+00
2.526901041669051384e+00 2.911489730338170823e+00 4.276306925185207608e-01
2.695678705119413543e+00 4.071263528828782619e+00 7.337547373984353305e-01
3.485520251193420460e+00 3.684234702383570870e+00 3.356561134634014731e+00
1.224006459199118435e+00 4.585573701810127467e+00 2.956139796711407808e+00
2.451770431045937393e+00 5.083722230252992524e+00 4.638749705510479160e+00
3.368787109066141205e+00 2.903246846085802080e+00 1.606841649508645498e+00
2.042533273995498888e+00 1.592492326380910539e+00 1.223188303881147743e+00
1.728354632115050915e+00 4.524094629744485729e+00 1.983493356282955700e-01
2.978765580430847493e+00 2.346221445443966047e+00 7.691200567413047917e-01
2.079405671815063528e+00 8.892861434388173336e+00 8.196392369632919284e+00
2.717803584494552283e+00 9.347240744938145607e-01 5.439171296507132602e-01
2.002646568044463837e+00 3.227611577228763018e+00 2.327469672162675973e+00
3.832808144168266651e+00 7.864289751678521512e+00 4.853613742649134366e+00
1.184139104590015812e+00 4.081198193256155626e+00 3.098524125337035695e+00
1.756533109494533340e+00 6.652210790425497677e+00 6.130116376281713464e+00
2.339592335786999655e+00 6.966160726735020070e+00 5.152797877964194306e+00
1.469132439631785303e+00 1.472224597344193242e+01 3.061529825681449157e+00
1.666448748202057573e+00 8.341854873066168352e+00 7.589560559470264423e+00
1.876660196005389913e+00 5.162044868173859768e+00 2.791836008799992275e+00
2.545919347071701200e+00 1.249976609994319254e+00 8.161381110966551278e-01
3.629657455356431583e+00 8.298367441469229888e-01 3.992158502898253691e-01
3.877097655250867803e+00 3.907540375990371295e+00 2.201619410616921346e+00
3.870376701521462959e+00 1.512430056996558303e+00 1.251456836352045521e+00
3.636585856583871568e+00 5.691184552376137296e-01 3.348237621945285292e-01
3.714183380171409254e+00 1.043315785231449233e+01 4.903923871252385602e+00
3.153783097410050473e+00 9.629405696789827829e-01 5.624451917138887369e-01
1.173763099657573195e+00 4.984457992401493343e+00 9.575813657644633992e-01
2.498813436028742174e+00 1.864506629005509897e+00 1.790985311310674621e+00
3.944680609120920778e+00 1.075721534398924284e+01 4.391729660151191261e+00
1.413276897350834727e+00 2.544582483156085484e+00 2.088463365189031862e+00
2.886940944872075310e+00 6.774021298737501695e+00 2.302196790050289543e+00
3.555214175478356609e+00 5.569601087337400225e-01 2.522704191751993716e-02
1.426671673912733862e+00 4.457299362434893553e+00 3.747305039359412948e+00
1.057413197998154253e+00 1.432878933734546223e+00 1.877280699022670085e-01
2.632267138497572212e+00 1.196481585840736495e+00 2.068068957018850962e-02
3.302448728385166010e+00 3.459510386397237625e+00 6.121560357957214205e-01
3.914765447700763179e+00 3.495962203382372291e+00 1.470449357469477913e+00
3.259434469890732267e+00 1.321912851326810801e+00 1.985278933726710437e-01
1.822488871016002321e+00 2.755046433490788260e+00 6.449517529715056430e-01
1.314253556464346495e+00 1.122495941074873649e+01 1.292688153537858931e+00
3.347704042230701837e+00 2.781744838075050463e+00 8.154275348703150517e-01
3.931592821764707590e+00 1.471748505840126731e+00 1.124971398708705328e+00
2.856563552477693335e+00 4.339105185129023212e+00 3.225633697435482117e-01
2.450444158732279831e+00 1.011868908727228122e+00 6.358110371556532359e-01
1.664133254706335663e+00 2.853670163251729175e+00 4.589804599557950615e-01
2.739659024443931390e+00 2.274250909608796611e+00 2.135681749748367331e+00
2.924791242290189608e+00 7.004384554352518499e+00 1.389889638443974340e-01
3.790756379367244300e+00 4.599525496898409394e+00 1.585738477808991798e+00
3.919590137289489462e+00 4.807802977429467717e+00 5.566040284632708390e-01
1.734998642198203322e+00 1.954402120328601056e+00 1.527931423851408566e+00
3.932218734519995706e+00 5.085484369885763911e+00 3.854302219815332720e+00
1.347083210252329799e+00 4.329758874745358810e+00 2.067093692772723923e+00
3.341410298363735265e+00 4.997057062545768868e-01 1.590419176412291233e-02
2.459186076096009366e+00 1.492364912232066576e+00 1.097208771062739840e+00
3.417820163927235644e+00 1.750107971143987973e+00 1.101779573016714808e+00
2.354273580148457334e+00 3.061877443162579926e+00 4.900386197027542523e-01
1.211408569118639811e+00 2.706425646628227266e+00 1.682529646670786194e+00
1.642674740141664813e+00 2.589941125383174558e+00 2.318265974353817427e+00
3.700738340153363559e+00 2.261078582678191395e+00 1.652976407093816213e+00
2.603304609658013913e+00 4.319826412939937299e+00 2.175664211437420559e-01
3.533471845674976297e+00 1.321978114027475115e+00 2.041826458801285771e-01
1.868007317977596671e+00 2.602626616825740591e+00 1.474496307231489389e+00
2.944652738448549023e+00 8.441822259859669941e+00 3.458436156364161351e-01
2.576712308585129563e+00 1.035807535069952490e+00 4.323661233533184212e-01
1.336350302928440481e+00 2.024021850996031713e+00 7.435898556392613046e-02
3.717238618248064785e+00 2.912699069929305384e+00 2.723787127717254286e+00
1.768028845335253951e+00 1.860570709388587929e+00 1.845945222551583775e+00
3.694066221785455628e+00 5.134789645397214386e+00 2.824814635093305437e+00
2.087167422215796986e+00 2.803389993239570721e+00 2.290144299398523930e+00
1.704771102056899412e+00 4.264695068373475451e+00 1.574321266578846634e+00
1.147530398718047184e+00 4.069093068461690166e+00 1.129247917305087556e+00
3.032637960834755120e+00 4.108118585980448323e+00 9.614800136864992686e-01
2.017664333230899665e+00 5.609057635110992202e-01 5.132689660512097518e-01
2.555771864494867707e+00 4.085108514335980878e+00 3.304866422695987627e+00
2.040420561040368064e+00 2.033534035263714568e+00 1.249409043719609258e+00
2.059010199114224449e+00 3.400764199668113719e+00 2.733944236028982733e+00
3.656046958028218441e+00 2.063253139265843306e+00 1.606587511449613981e+00
1.727982095588513456e+00 7.080367353837404565e+00 3.429192875860707090e+00
1.106292475984143264e+00 1.207512681045249714e+01 1.538232961396612364e+00
1.325279118689103530e+00 7.770117407185579417e-01 1.984895566746552181e-02
3.269990329853643019e+00 4.518730986396835014e+00 4.187639362363031914e+00
1.231215581708069662e+00 5.550587332491112136e+00 6.545919568278247835e-01
2.152156541232342235e+00 2.199350838868364022e+00 1.405915559828940564e+00
3.711363518790448346e+00 1.836171671442987652e+00 9.279453757711276785e-01
3.101486371283105115e+00 8.338644108292372792e+00 3.374468366198682734e+00
1.971655744235042862e+00 2.647130837567060357e+00 3.866582776084928064e-01
2.554965126859629176e+00 2.665012952190467299e+00 4.839259627975259770e-01
2.924999697351782224e+00 3.429220053513145405e+00 2.057732039081084263e+00
1.880022273877618222e+00 4.622127813263117169e+00 3.901344154922145258e+00
3.487041705096951549e+00 8.569208769031763095e-01 4.581233280897648585e-01
3.349647087415329683e+00 1.153244192076331887e+00 3.663159746820702223e-01
3.128440092667939432e+00 8.888108871924912391e-01 6.698244489911219235e-01
2.374421176858079185e+00 2.210003902144505705e+00 3.963233944250696972e-01
1.356656146851306755e+00 2.376067592014414309e+00 1.338912129103335236e+00
3.262364187107872571e+00 1.720845608988014197e+00 1.114689970945246245e+00
3.014881081972273780e+00 3.597935873509396920e+00 2.777272639759457373e+00
1.303667883654301196e+00 5.580156574317637563e+00 4.719807192883189728e+00
2.529361897680654447e+00 6.305759691329852146e+00 5.236892070989455306e+00
3.645389471187315156e+00 2.079068589103467701e+00 8.905177662199813549e-01
3.505127216727105033e+00 7.454027712087926139e-01 1.234574826141334319e-01
2.939580978638879127e+00 2.924417723588626838e+00 1.593148712931897526e+00
1.715622635210884539e+00 3.650440042872424851e+00 3.228342939634188280e+00
1.361035897510483039e+00 4.876090877443147065e+00 3.470828855023295745e+00
3.633804891113522118e+00 5.936221106249517376e+00 3.302737737608705704e+00
1.444186958540091492e+00 1.825152056341094342e+00 1.177650545589875364e+00
1.263083428414264464e+00 1.009423052075614002e+01 3.299301489763740713e-01
2.375734768338768621e+00 2.501221317181453685e+00 4.923420738018819409e-01
2.055462860235311329e+00 3.254797474934585821e+00 2.932099782502029850e+00
3.380466130938125868e+00 9.992486997171024399e+00 1.848847660099504298e+00
2.880487324093786494e+00 8.582731397270098483e+00 1.077082377632974763e+00
1.825640450534712578e+00 4.358154026214462462e+00 4.278649405527535698e+00
1.159511072905502704e+00 5.041106106170263779e+00 1.198377234616227360e+00
1.233545375884873341e+00 5.689985108003569714e+00 5.341296660893235959e+00
2.393749486409107341e+00 3.359950476159010435e+00 1.511783260444442778e+00
2.020868018015214762e+00 1.430680844883340797e+00 8.846277433197486939e-01
2.435393360759547932e+00 3.015740782069850745e+00 1.952361966861891673e+00
3.961566317017663152e+00 9.239696360110885465e+00 3.620168019876029764e+00
1.372317336681957212e+00 1.967397990464879509e+00 1.927891327246248787e+00
1.907167807396762615e+00 1.502914000278201323e+00 6.677982355353989652e-01
2.260990983591153913e+00 1.227049020393266465e+00 9.910622240673725436e-01
2.779875605551205275e+00 2.086234206923151646e+00 2.022888719902540267e+00
2.628460772508359966e+00 3.777641706245391084e+00 2.204352294564692283e+00
3.568389576881608960e+00 1.356995806055342868e+00 8.795247673881115835e-01
1.376834986138014028e+00 7.523467067899300531e+00 4.599367018466653967e+00
3.990856406251521271e+00 2.815031288338775362e+00 1.809934718448265478e+00
1.801679315839475271e+00 1.103732509243887883e+00 9.166520756467405606e-01
1.465090959732028963e+00 7.019416413652288078e+00 4.276275435305780803e-01
2.953637687311875482e+00 2.223402118196757815e+00 6.278748741014651413e-01
1.486384081151142622e+00 5.997311249457975890e+00 1.563099478144009957e+00
1.291095671710940085e+00 4.844877397378105854e+00 4.824915093479852146e+00
3.796348392322070886e+00 5.693909612059498970e-01 3.776305104153930836e-01
1.084778545388727089e+00 3.570888083776364574e+00 2.920635142983822430e+00
2.382742569588731207e+00 4.238012698840382342e+00 1.150315832570365293e+00
2.865433622121531521e+00 2.451287400201909161e+00 7.155759118822315745e-01
2.608879210478041166e+00 2.916451551782609730e+00 1.749278313278301189e+00
1.225498171602029451e+00 5.846990171837743944e+00 3.496378987542650307e+00
2.123950241588647092e+00 9.622073623163748479e+00 3.299186490088652057e+00
3.982096769853276541e+00 8.273828769207343115e-01 2.212700274244648324e-01
1.286036853197244367e+00 3.523112749717138836e+00 3.658002153280143776e-01
3.270230371167672345e+00 5.180347334181389485e+00 8.656985373726883148e-01
1.076497731692879434e+00 8.846239182467991569e+00 2.086914491231260715e+00
3.136228026045973394e+00 3.937988570989076731e+00 3.744349679786784346e+00
2.277422121955156253e+00 7.371456119683713615e-01 4.291795955353067127e-01
1.391806507643577273e+00 5.862068740297751823e+00 2.291673680622500875e+00
1.119554460695475928e+00 9.250062970959492148e+00 4.613760473208969870e+00
3.519418293469812831e+00 8.545652895726380649e+00 3.562368391436223636e+00
1.067913597856379848e+00 5.777186698450037738e+00 8.792445611798758165e-01
3.169989665053596362e+00 3.074852792621158404e+00 2.188706054495273445e+00
3.317138742858640299e+00 3.851696749982822077e+00 4.045017148074561142e-01
1.887965266911706408e+00 1.428798113528090497e+00 9.582087783034687334e-02
1.573000948846772218e+00 8.756616115249164167e+00 8.263291079433429331e+00
3.041778112139594370e+00 5.722953454665621109e+00 4.538347811209932026e+00
1.552390459606832973e+00 1.108832675897871933e+00 9.605711180945172289e-01
3.628034618376130727e+00 1.216583971629394689e+00 4.793177367672767364e-01
2.558460530922975540e+00 1.282683516866029771e+00 5.857157763770201031e-01
2.721983288640068110e+00 3.410246053342722128e+00 2.280685884493917293e+00
2.114998702095240990e+00 3.663425587947835904e+00 1.743356439665884272e+00
1.562228829482383397e+00 4.521988422757212689e+00 3.527957426193657486e+00
1.390509616019115491e+00 6.436514565461981974e+00 5.445465983352888450e+00
1.704549387719968001e+00 4.807422321814892818e+00 3.921833828233249442e+00
1.794676074520056508e+00 2.499407542761133971e+00 4.948291084613963275e-01
2.979985850538658276e+00 1.684177348570912613e+00 1.839731768741799667e-01
1.510788950793987340e+00 6.869868066211193280e+00 4.906870849089743913e+00
3.997581237040581659e+00 4.311926670115816762e+00 1.847168237596568785e+00
3.539607452424316847e+00 6.138297348138343601e+00 5.965340527608365306e+00
3.051099550271960226e+00 1.932895082222283234e+00 1.665457410884867873e+00
1.077316317135202706e+00 1.806418356798125568e+00 7.049053364788639975e-01
1.392758768292906124e+00 2.296055236946188405e+00 2.032117836353209750e+00
3.418305062878614908e+00 4.457010625664684866e+00 3.006594624856861131e+00
3.513460260102193367e+00 2.416566951392052243e+00 2.552581876247927428e-01
3.151281240923125004e+00 1.936979850745028431e+00 1.118185377145188175e+00
1.717353794528631239e+00 3.797349380296570764e+00 2.484652732625945326e+00
2.747213624598753512e+00 1.600618814931616729e+00 1.546365542548777450e+00
3.727179299074591778e+00 3.064443870922981095e+00 6.026726333334970764e-01
2.846596707400129489e+00 2.746479400148785999e+00 1.126306610043187995e+00
3.323162404912623824e+00 1.503940924836506321e+00 7.171626982731601485e-01
2.574068735439009270e+00 5.846969103659576561e+00 2.970907483164669571e+00
3.527785386366312448e+00 2.523433702779911858e+00 1.585624985831590505e+00
2.338559903772754911e+00 4.756189397081496573e+00 1.845914431887729634e+00
2.873208528700508246e+00 1.194631310539532448e-01 5.658235687864263119e-03
2.511860909253072371e+00 4.718540355709498257e+00 3.984604088748825657e+00
3.920062211063666702e+00 1.362898859750538483e+00 9.072487821417820619e-01
2.163744990653532874e+00 2.337764666052215834e-01 2.800602216210627479e-02
1.244351240736229602e+00 3.844197680746874290e+00 2.244052178654799334e+00
2.037382495717214859e+00 6.594358477483234893e+00 4.654562118772889612e+00
1.463579335685519345e+00 2.869123028047784185e+00 1.086147427801999799e+00
1.542438888332254177e+00 3.908717515098573791e+00 3.191272047864593286e+00
2.074000382590425851e+00 1.936768632684354507e+00 1.236629317785376436e+00
2.156172689941875387e+00 9.094038502329924611e+00 8.469586151683042630e+00
1.438637766827448372e+00 1.030529623551475993e+01 4.642560454000412840e+00
2.293366510964069960e+00 4.074885281041944474e+00 1.548270229833631495e+00
1.394824751864905288e+00 9.935391372537175414e+00 1.730791925901830286e+00
2.256115705759634160e+00 4.331574203172960935e+00 1.485106418118987026e+00
2.381635472183917024e+00 4.279813512945115583e+00 2.001467498648930921e+00
2.114653360842282392e+00 6.875528347093400328e+00 2.085848758715981077e+00
1.468264477774411159e+00 1.807492105793050197e+00 1.653219533562745092e+00
2.370471228495103500e+00 5.871319601717614134e+00 2.588989292378969687e+00
3.826845809557950506e+00 1.256865338955160061e+00 8.621784943169433779e-01
3.294507948662638519e+00 8.645367345370498668e+00 3.378230844110823750e+00
1.324476588313057590e+00 3.881002998522411040e+00 2.979208907046273946e+00
1.486167419432434578e+00 4.803948504695157773e+00 1.023086575445659507e+00
3.153952175871594044e+00 7.938418879040889387e+00 5.455167052972060837e+00
2.530034004235201195e+00 4.975371014235163258e+00 3.379395992162008255e+00
1.558624545764067726e+00 4.057452628120356231e+00 3.551914224491447669e+00
1.983455059342451587e+00 3.931567929365243685e+00 2.161261484755050866e+00
3.253245201990047075e+00 3.021605884788886698e+00 3.730293351417452441e-01
3.032406733966404033e+00 6.453239827572111231e+00 2.235817789822528656e+00
3.876266856118782300e+00 1.727867856203224362e+00 6.658058113379616838e-01
3.523107058368418976e+00 9.726881223736691950e+00 6.028075464244518900e-01
2.889927163854735692e+00 1.518741740142651864e+01 1.241893204554357411e+01
2.326086818589480743e+00 3.233868210015013567e+00 3.172983872295512153e+00
3.988568176630016282e+00 2.993815440103656744e+00 1.054722910101651534e+00
1.236635014175189173e+00 4.046817615886433295e+00 3.263875785634022253e-01
3.208597985155512422e+00 8.839197775982860605e+00 7.122247132591970065e+00
1.901340980176120965e+00 4.332284880900324708e+00 6.710892054927823924e-01
1.613261568140770708e+00 1.242704107448646900e+00 4.722303405962294809e-01
2.010192747630942911e+00 4.361833708349061922e+00 4.286240885297599057e+00
2.978365755102275969e+00 4.580585017862018660e+00 1.239372589852120621e+00
2.549062424155124518e+00 2.123342727292063081e+00 4.813065122362952253e-01
1.933293403253694809e+00 4.156395876503615305e+00 2.693382588716462411e+00
3.077166304094324456e+00 1.210352212331466148e+01 6.579295017139602741e+00
2.962729452934003582e+00 2.047106416091073022e+00 9.494139829237461248e-01
1.801855590275564190e+00 6.899114469642992908e+00 5.382264559450739227e+00
1.793393704234142128e+00 6.053014767717032063e-01 3.885423800687961560e-01
3.031337827669471796e+00 5.901788492180560119e+00 2.097989739791195962e+00
3.164435402302855582e+00 1.964385396808818074e+00 7.486290987792695306e-01
1.028045252847048729e+00 1.035127696196250557e+00 1.999527574220325010e-01
3.859801244226879202e+00 9.992890277782264796e-01 3.366544946185226483e-01
2.839250165409861193e+00 4.243682509567978656e+00 2.661498654708336353e+00
3.240438414016176605e+00 4.251129689831908642e+00 2.284625309786073366e+00
3.525521445139728094e+00 2.502521762116680204e+00 2.303081846989036841e+00
1.052278510967191494e+00 5.418948563901310855e+00 3.848802901974257118e+00
1.294509360719189761e+00 1.826492202989389746e+00 9.794186823684450927e-01
2.068506295584874088e+00 2.665920685441879101e+00 1.714909250754298231e+00
1.144308142680416696e+00 3.200449129693155648e+00 1.231263632717838119e+00
2.790949525279685428e+00 5.034514970851823312e-01 6.891631421198225749e-02
3.035405289532985496e+00 1.502687763717507563e+00 1.433609137850766269e+00
2.486360243573108253e+00 4.327540977695644386e+00 1.200955380872251510e+00
3.746515803011178036e+00 5.365527337563757548e+00 3.908666937293029608e+00
1.738608579817999988e+00 4.365770690844844815e+00 4.118770090363044756e-01
1.716551451203724987e+00 7.523999925535745925e-01 1.732560157811229018e-01
2.900523832306465266e+00 1.785827434226292310e+00 1.605645737044376853e+00
1.733634098997508310e+00 2.737936178562900391e+00 1.904898334799883797e+00
3.793463451906410100e+00 1.120598589379630527e-01 5.654060028672315552e-02
1.829669640061701408e+00 8.322988429603217497e+00 1.436090807712511852e+00
1.376534647484150220e+00 3.513149793906258367e+00 2.867091554953631327e+00
1.761242696106719130e+00 1.683840789526596993e+00 9.075181170249440044e-01
3.055185377492286136e+00 3.166207911169710787e+00 1.625216572653189084e+00
3.813461715505305882e+00 2.095198199794610083e+00 1.230375483762143896e+00
2.323474884750737157e+00 2.198079802322872922e+00 8.799696452468159791e-01
1.114333389982947065e+00 1.012605701710326045e+00 4.014857345033211178e-02
1.056852818306498687e+00 2.700856171053198196e+00 2.832609357849599219e-01
1.738692511421303877e+00 1.374480938907036709e+01 8.312077994665523661e+00
2.375010977512588273e+00 1.694926811974271974e+00 1.267035605303891699e-01
3.622498267011789341e+00 4.518875479553027930e+00 1.945199666274320727e+00
2.301019087256417350e+00 3.889583475188363781e+00 3.277049003359072898e+00
1.974537790025558959e+00 2.884111776419691520e+00 2.383294617138739913e+00
1.807016061991661759e+00 3.378635790188307730e+00 1.331239445065655724e+00
2.605437130137672419e+00 4.551731937904577308e+00 7.588310916488069102e-01
3.568582662855493304e+00 1.424574142156186163e+00 6.486201450861707185e-01
2.775435551857255767e+00 7.714111201618457869e+00 3.655782303746601958e-01
2.102577920210478624e+00 5.036197297688231878e+00 1.939432177591144724e+00
2.615892009216072900e+00 4.160638175137336248e+00 2.335610657246864008e+00
3.161054202523382095e+00 6.129272428273194961e+00 5.090339642825090216e+00
1.059933934572020231e+00 1.153174529042925833e+01 7.218117029940440688e+00
3.273921212935050562e+00 3.037162938459743611e+00 3.047508277603225291e-01
2.653587254327650857e+00 8.754047180392914740e+00 5.278901993889568267e+00
2.502557923976809207e+00 3.277980370539028243e+00 1.305082716368086926e+00
3.050260978840385384e+00 1.189220583294859024e+00 3.987507904348921439e-01
1.953373464825792993e+00 2.599938480830340293e+00 2.254808511516739333e+00
2.010119213940859684e+00 1.415509202529311672e+00 1.412293767361248564e+00
3.174521010602561866e+00 1.908824153964925108e+00 1.228460467719344917e+00
2.397327935883398542e+00 2.642842528849097761e+00 1.916991144450584716e+00
1.082782862115053923e+00 2.797425850965722827e+00 1.434383404865568590e+00
3.707091592799943935e+00 3.877564905067846901e+00 3.211812479831679834e+00
3.596239609401941983e+00 2.543732116308567548e+00 1.570128954164665691e+00
1.394296878210348645e+00 2.971570715965230036e+00 2.881290780116368300e+00
3.695645404578898230e+00 6.212983615145726723e+00 1.860580179421906122e+00
2.574633621812682627e+00 7.890041093703418440e+00 6.672841740197497096e+00
1.216820023415819740e+00 3.177930337771432523e+00 1.739103488373049844e+00
3.016995876284480627e+00 1.078915589926730156e+01 4.495647054314641511e-01
2.859065843818218600e+00 2.103467289595011280e+00 1.896444100102497587e-01
1.492348450763223200e+00 2.004310973064006962e+00 1.980035124144189362e+00
1.158674694879072486e+00 1.236613572056024246e+01 2.857780793609121073e+00
2.122172417313864301e+00 3.386037318911886196e+00 4.451245540838778547e-01
2.965197825890820926e+00 1.426539854655071826e+00 3.871564742558580297e-01
2.644868181313708266e+00 9.362258337356655247e+00 8.400158305806401104e-01
2.711996363558142775e+00 7.439471336778812338e-01 3.825132188349188167e-02
2.657714963990950086e+00 3.749409915017597239e+00 1.618646709388710914e+00
3.327824031349910783e+00 1.599826786501581832e+00 1.132217723405852583e+00
3.461636683114886814e+00 3.361000099112909645e+00 3.112870911587115597e+00
2.223494878357682225e+00 1.398861160680933136e+00 1.257652734451971011e+00
2.842636972087785097e+00 5.924206784515619439e+00 1.930126871635163388e+00
3.417452105603013379e+00 6.799871469821660241e+00 1.235900576618865543e+00
3.254063482797789675e+00 6.563109780042567287e+00 5.112612385236777968e+00
2.187902940113576555e+00 3.387475718955037518e+00 2.166003496777748172e+00
2.221802007497587717e+00 5.132647215565668830e+00 2.833046529080826215e+00
2.000958596508699117e+00 1.152523891927924105e+01 6.530622183990190344e+00
3.216996477933188547e+00 3.538510831747840868e+00 2.692204530113905037e+00
2.376788597724093677e+00 3.135744360792001917e+00 1.962310098095325861e+00
2.656411994740466742e+00 2.148778221325253757e+00 6.135227098839529658e-01
1.088640209468239473e+00 3.242434496832022450e+00 7.739730594731162316e-01
1.025540771950671726e+00 1.418384205095016393e+00 5.985933670321187394e-01
1.959755985117037858e+00 4.759955941946329538e+00 4.089068933765788727e-01
3.079530603375183695e+00 5.089726176120762169e+00 3.760504477486888764e+00
2.590374333033976573e+00 3.447370257462838428e+00 1.022166983011644437e+00
3.041456015097048660e+00 1.952377021801388057e-01 6.877942639782946843e-02
2.282197367093498297e+00 2.699936267678027413e+00 1.493276392153435994e+00
3.303348587075479070e+00 1.628535747191990124e+00 3.870420808592068274e-01
2.240805597471496213e+00 3.964837947073373670e+00 6.471617052177079943e-01
2.740035989960708740e+00 4.255686319048033184e+00 1.589406484546227905e+00
3.966897389749686642e+00 3.226704499312437857e+00 2.807065938447633080e+00
3.148542494210405440e+00 3.804327477527074675e-01 1.900353337085232408e-01
2.393457114091323223e+00 1.382085235695116099e+00 4.541941436848195290e-01
2.935943508115112621e+00 1.309877681922265724e+00 7.665034491013894558e-01
2.681735328862046686e+00 1.186021721047160860e+01 5.260082833564969640e-01
1.212457603088034075e+00 1.905334329203284272e+00 1.798937771187827384e+00
3.292068400322407662e+00 1.761995804640318797e+00 1.577430489851595841e+00
1.586259117348745695e+00 7.955906609454708178e-01 7.012387613389743368e-01
3.283290660249497339e+00 2.935528664443238789e+00 1.042449437612387619e+00
1.371118124926091308e+00 6.959817793648010564e+00 3.879477999570941193e+00
1.981401958627887039e+00 1.987143204193723589e+00 1.290067755915933478e+00
3.500933900594929593e+00 1.812616387046541044e+00 1.416674507804125405e+00
2.615959581005213863e+00 3.505165795377349625e+00 1.870820938291136923e-02
1.115464349955898271e+00 2.359229626238414035e+00 1.680714231315005192e+00
1.252543227812355386e+00 4.943513934392577691e-01 1.675455801810421530e-02
2.506041167415085091e+00 3.920929346829795215e+00 3.246596486545962890e+00
1.914627771759693120e+00 4.698629174337997760e+00 3.341057788076539303e+00
3.611765564156018460e+00 4.772645836887427606e+00 2.354926658695879027e+00
3.824594576553804970e+00 3.045392028832536457e+00 3.105585016330202758e-02
3.548120705874488134e+00 7.786945380928862015e+00 4.492249013047853623e+00
2.418136833103805561e+00 6.645727022885016488e+00 9.453570077004743721e-01
1.191162264191235165e+00 3.088066372074266486e+00 3.488426685943622485e-01
1.914504513753674697e+00 7.151775255839702083e+00 1.380564966586709019e+00
1.785746365861519580e+00 1.169344817463298725e+01 8.726459637931915481e+00
3.391317843084887151e+00 2.175405859985863000e+00 4.727629212376157075e-01
3.302439762186128114e+00 1.258286522497004345e+00 1.468360781654211855e-01
2.685438646978820287e+00 8.156881176447608794e+00 5.745308574839547155e+00
1.412778581263502975e+00 5.227843750862230188e+00 4.411641037431111023e+00
2.569479443658215789e+00 3.625420170020375643e+00 1.749357505102820953e+00
2.673102736790190281e+00 1.166199620939585557e+01 1.046171547478685682e+00
1.988676750232657220e+00 6.804974210506916643e-01 5.579571522898366664e-01
1.101210014543999360e+00 4.146639870361455316e+00 1.241396410215720891e+00
3.188428952653834081e+00 2.771706834339455305e+00 5.583644960613546315e-01
1.799548200845117130e+00 2.532569800665799953e+00 1.485003521961271611e+00
1.915358623586693287e+00 1.538636877868369890e+00 7.422881247897201717e-01
2.672969445963223833e+00 3.630468669321802455e+00 3.124906810309822980e+00
3.017205614375930267e+00 2.622939033927404573e+00 2.089745948160233624e+00
3.156347108383546818e+00 3.691695531249795437e+00 3.037342826886428426e+00
3.122654697350970121e+00 3.797555293075770333e+00 2.711860856659507935e+00
2.132387251329029620e+00 6.163341041825085576e+00 4.672620076515782372e+00
1.046245477716997385e+00 7.936003058180580716e-01 4.586760683186767995e-01
2.009040583871012142e+00 3.292606381911478142e+00 3.229886629806343556e+00
3.723535472390087087e+00 2.428920142145036820e+00 1.369046069105448904e+00
2.314289189398420099e+00 1.010133727282802418e+01 1.140645303344754558e+00
2.843971599306852394e+00 1.823378016011627523e+00 5.720188361749454220e-01
2.070280772716988071e+00 5.489898209658956141e+00 3.196680538181828624e+00
3.129453655526286848e+00 6.165287537563082232e+00 4.280293644078574822e+00
3.111157947380874145e+00 1.915227037929769116e+00 8.992377405074701846e-01
1.053033456888794239e+00 9.547797582276101869e-01 4.443266436687923759e-01
2.461797126812895531e+00 5.378936991322421868e+00 8.430771414663678076e-01
2.649054228473295858e+00 2.059920528345104973e+00 1.888064458432485493e+00
1.602244210366071453e+00 6.525035994673442197e+00 4.708828213514854255e+00
3.506686251755545047e+00 1.812375769415415228e+00 1.014043712654806084e+00
2.356454638235612187e+00 4.664913623034927959e+00 8.552526516215811503e-01
1.773682055520305667e+00 5.331047504108683555e+00 3.768851452479348829e+00
2.787514448672165468e+00 2.093445790816743646e+00 1.223869719958061930e+00
1.155437530512452682e+00 4.086596555269690789e+00 1.897727650735973270e+00
3.287927267722896119e+00 6.363474980051903707e+00 2.124053989540812815e+00
1.193185375649590707e+00 4.252552525651235094e+00 2.379080693462945817e+00
3.026137683330344164e+00 5.635303945044928042e+00 5.297857563095872413e-01
1.946773989070047062e+00 1.661936874892793181e+00 1.313670567541552536e+00
2.099217586149138004e+00 3.455006749727824289e+00 1.765229563320259265e+00
2.557578818268007481e+00 6.052705326386524920e-01 1.150851567676115378e-01
3.513641571435319300e+00 8.392584243957433188e+00 5.426126658545112669e+00
1.324755988211447910e+00 1.592995687097144675e+00 1.486460827947942542e+00
3.995260011133400013e+00 4.911781434608196051e+00 9.731140057018763390e-01
3.916698200783330641e+00 1.653664303418420412e+00 1.500347672333671056e+00
2.905542065587732203e+00 6.012887380348169053e+00 2.444162013718759408e+00
2.063420097564621969e+00 2.089864187028676490e+00 1.072651233189987785e+00
2.512567578300106685e+00 1.958458915620536755e+00 1.185498271459133557e+00
1.215669752116957936e+00 7.392371772794716911e+00 5.896353711919072538e+00
3.702534698375572475e+00 1.592823170685003564e+00 3.197234668691573134e-01
3.295422601121827277e+00 2.658187367022179615e+00 7.647543179314135742e-01
2.093866442266482331e+00 8.908358885984661857e-01 7.379861961595981512e-01
3.267651836842073720e+00 2.627872035179819932e+00 2.378312743922943007e+00
3.023585208968288640e+00 3.402900422675337655e+00 2.489023197219815131e+00
1.692717936666075396e+00 1.474133911983987799e+00 3.955382454223230204e-01
2.321900906080743177e+00 8.502502651036277781e-01 4.012964654042319168e-01
3.603308090286530430e+00 6.097019790416756457e+00 4.806828762471042071e-01
3.880592823634262611e+00 2.832924336614996541e+00 2.528736531595014020e-02
1.956856224777832942e+00 3.144884538294358545e-01 1.755884078481904920e-01
3.502790930455369711e+00 5.535287987819130784e-01 5.290543489796837306e-01
2.855678251771678333e+00 3.477950645856458856e+00 1.201950348347368691e-01
1.751836552856749663e+00 1.920033756209166054e+00 1.250700007202947273e-01
2.749015015244515858e+00 6.228424668773601347e+00 3.605825836604063195e+00
3.506569971513973538e+00 2.225394603045930619e+00 5.986522399660396676e-01
1.739429178132484211e+00 5.264699576567874573e+00 2.522897324159632415e+00
1.787781265635348227e+00 2.220994303242396217e+00 6.965422692468959953e-01
1.384134295640940815e+00 6.146205506549647701e+00 5.361227191545062887e+00
3.370742603953437833e+00 2.204563325268506624e+00 8.973017479673148777e-01
2.340990783785024121e+00 5.428259728274634988e+00 5.899049042942452470e-01
3.781718308467690193e+00 3.428677470654368342e+00 1.635560109209841517e+00
3.038073070380078899e+00 3.764381156359894565e+00 3.697540307447551466e+00
2.479788238599243577e+00 3.935755408866327798e+00 2.632268659341463479e-01
1.409732880968972868e+00 3.776526484726414168e+00 3.218543236189746803e+00
2.398902051537585400e+00 9.716154058082821621e+00 9.575745048287666705e+00
2.989882875831543441e+00 5.723685923900611705e+00 1.245186780479395239e+00
3.184903862043708678e+00 3.350456460543306925e+00 1.502019636171178507e-01
2.645544388566968053e+00 4.479294555391397092e-01 4.390196743389001011e-01
1.875350746660749301e+00 6.861693339113736911e-01 3.132416087481839639e-01
3.408640743826059527e+00 3.565298861462022462e+00 1.991890487316934355e-01
2.360312029526620670e+00 1.747086264393765687e+00 1.545600916494634935e+00
3.869840675051798851e+00 2.509610830765799161e+00 4.198778143084930803e-01
1.669839799296814586e+00 3.403887294186957568e+00 2.669265677196830389e+00
2.780722990521795168e+00 3.953130197032217463e+00 5.366441620419464265e-01
3.884048918610955248e+00 2.777414352221860838e+00 6.804939903969854376e-01
2.500883578481757574e+00 1.238804672881165025e+00 1.133487578453624689e+00
1.344066863441458093e+00 2.789530607847990895e-01 8.795122436520591558e-02
1.658447556944834256e+00 2.000028197153201237e+00 7.634838824460545847e-01
1.093562768469664936e+00 5.468035773298991487e+00 8.355011958270307515e-01
3.768247941043084470e+00 3.214168134761756779e-01 1.454752271046909629e-01
1.553750009779749641e+00 3.394875811685094114e+00 3.212738509261478637e+00
3.490801745767678099e+00 2.477029316254051317e+00 1.569758613801857550e+00
3.956772021762320790e+00 2.367824404135405292e+00 1.376466183078493444e+00
2.736768539029531766e+00 2.562186644920263046e+00 2.891182953302457448e-01
3.996598342691028982e+00 4.215686928521845900e+00 2.715202313476560381e+00
1.432733867134128092e+00 4.299609899651898992e+00 1.808866231888951459e+00
2.670105586240184348e+00 2.742466354166112286e+00 2.473484321046971246e+00
2.774309514474981420e+00 9.259488278206635670e+00 7.280751569025096792e+00
1.329652374707484652e+00 8.615680524143792818e-01 7.970840960690954713e-01
2.202587668467306248e+00 5.301497328140955645e+00 1.789701921182295763e+00
3.289852243701334888e+00 4.819901164782601555e+00 3.470779506408676607e+00
1.767626785059686068e+00 2.473630025539124144e+00 2.037583074461037924e+00
3.381271366473269424e+00 3.511770248297957142e+00 1.641996064129035426e+00
3.216377345511211239e+00 2.648821312218469171e+00 8.971611396610887912e-01
2.597598741822678914e+00 4.021309583346860173e+00 3.700944725621049702e+00
3.912427753185061974e+00 1.648185567256674311e+00 1.545325516766508978e+00
3.263366236896925621e+00 1.814938802516276928e+00 1.218329935875299253e+00
3.395525475252520575e+00 3.413888762118514109e+00 4.745462910471281992e-01
2.761778320287170185e+00 1.499013037265778170e+00 1.392526510323630839e+00
2.422710027868216986e+00 2.662967653052084049e+00 2.095776003108051455e+00
1.153249779085723237e+00 6.078974144378112676e+00 2.795559530457956132e+00
1.827137333833825927e+00 4.136562102525894069e+00 4.058926567390592349e-02
2.574268526821819059e+00 9.233681901941892534e+00 7.113453708306010981e+00
2.787540089495915474e+00 1.446726729429777691e+01 4.783043259672401959e+00
2.099190315077158253e+00 9.923394419685555023e-01 5.389901015308131704e-01
3.578834077428686644e+00 7.396051709056624901e+00 5.429568900639802465e+00
1.098034872909132931e+00 2.486907459272859722e+00 2.195547281183407140e+00
2.885138831776006718e+00 8.421048310772571099e+00 5.256552832454075563e-01
2.813563582826374976e+00 7.673266622385032321e+00 1.990116229149365701e+00
1.250067227809048997e+00 6.925880472859522463e+00 3.685812257749770282e+00
1.847332113985516333e+00 1.236625599016492494e+00 6.095249908604032374e-01
2.353419827221816085e+00 6.637698539189746505e+00 6.189373820450926544e+00
2.264867087013054281e+00 5.775339818799672287e+00 3.200792405094105009e-01
1.526217126211785846e+00 1.497487658390675325e+00 1.432455735836483113e+00
2.206713524688666883e+00 4.578836535034507271e+00 1.557253898891934885e+00
3.458302865637821633e+00 1.768364574453072713e+00 9.976781722664097574e-01
3.459882461875251725e+00 5.312235671902170608e+00 3.666613633340301881e+00
3.677777885885317399e+00 1.209396702513637401e+00 6.011179886658747362e-01
3.308736771344246819e+00 2.333132708613849804e+00 4.001831127085590106e-02
1.114758465761609862e+00 4.627334971735698410e+00 3.886896280809063686e+00
2.339186094856979814e+00 2.092648857121536032e+00 1.595013275505019479e+00
1.465308053584161829e+00 4.156357291109566532e+00 1.402723888816119535e+00
3.298206942998865632e+00 3.011150706878443550e+00 1.450892068710032401e+00
1.195673902521706911e+00 3.432820681656778561e+00 1.296097610739027406e+00
1.707450080528059910e+00 1.610178240793066040e+00 7.633521271691209309e-01
1.986836335397980768e+00 6.180605867464751491e+00 4.375222081942426122e+00
3.716401699762577060e+00 9.260840500788125595e+00 5.946903767313720834e+00
3.234638620541741005e+00 6.176245946786230512e+00 2.577560116973810267e+00
1.076505397460199687e+00 8.382414034387661417e+00 1.379146993562611501e+00
1.011003341981871806e+00 3.493905180293339630e+00 1.937560900922699503e+00
2.128944373406482349e+00 7.906394045178610774e+00 2.622730353292448857e+00
3.501624325742416222e+00 1.428652407203860442e+01 1.207658881470584333e+01
2.348964753151590479e+00 1.408833514398826026e+01 2.191384279609465136e+00
3.539165352106339313e+00 5.374903809472512783e+00 9.124112332888175692e-01
1.331073190654095129e+00 2.875856873384564860e+00 1.605782642961597617e-01
1.143744347545778473e+00 2.760746070126487428e+00 2.669635573860936528e+00
3.689762964462801165e+00 1.366079018963532787e+00 7.490484792384616286e-01
1.635306465997139913e+00 8.273282322491336549e-01 2.647428223034606898e-01
3.056224133249673791e+00 3.340304513289306776e+00 4.487203830570755669e-01
3.387714330579104427e+00 1.177260370796912481e+00 4.971209367803098300e-01
3.542911274443192760e+00 3.492053373398251281e+00 3.354214778440316458e+00
2.230323810137777141e+00 3.088495319405301087e-01 1.168957691043602115e-01
3.935735894603498153e+00 2.243862753276287147e+00 2.116419433331149236e+00
2.819427638764802069e+00 2.364453232501840141e+00 1.934548917984758587e+00
2.767172773369131367e+00 5.317428642459486099e+00 2.954388163739304574e+00
2.338007583165472525e+00 1.572693721298163316e+00 1.479625395766211549e+00
2.310539308404798930e+00 1.347022983411013719e+01 5.352535055370707617e+00
1.433128393556875491e+00 1.083384545763337314e+00 1.004425513396589587e+00
1.201654981595253746e+00 8.692935131360949086e+00 4.148453922541301964e+00
3.718403910891323605e+00 2.935389098794450646e+00 1.530370097529051843e-01
1.120792500766594202e+00 4.419602829286628953e+00 9.737101042758314340e-02
1.089049868478493499e+00 1.917520480962131346e+00 4.015591746659226691e-01
1.324894247302167427e+00 2.776058409289436035e+00 7.904880915010774334e-02
2.738381566386846711e+00 3.774739987023307819e+00 1.656033446645822860e+00
1.889699613130624289e+00 1.730618669405978194e+00 5.335822074197160703e-01
3.455023883428593567e+00 3.155201164031685934e+00 4.706103839347942630e-01
1.885955794137430974e+00 2.974550751262542647e+00 2.376696700663604833e+00
1.115796190788308273e+00 3.857180916503653023e+00 2.535539183212276004e+00
1.381074646909240533e+00 1.320470242480758394e+00 8.324061121083243808e-01
2.037263208587216212e+00 2.352825422298821412e+00 1.958061816211955852e+00
2.250024735680452803e+00 1.540279185994814881e+01 1.349575651398169107e+01
2.084533768654500463e+00 1.272325711096623735e+00 7.719852452666668974e-01
2.986721454926015706e+00 3.830530421965322230e+00 1.104502315971393589e+00
3.237723859883901767e+00 2.616688450201677618e+00 1.740617063322060565e+00
2.393252487380403526e+00 3.653726895976860956e+00 3.009999150289374370e+00
3.861080197043236684e+00 7.502338553604554150e+00 7.211857638167111340e+00
3.344471077668834003e+00 5.125871095908739683e+00 1.939106989215868826e-01
3.481197625467979950e+00 6.637104998027577585e-01 4.927106784762210201e-01
2.579199153942019151e+00 2.391614098751650097e+00 1.540882723647169827e+00
2.930424010342261187e+00 4.429759593568179277e+00 2.978048796846459290e+00
1.564475687550677341e+00 9.556219619732122528e-01 8.070582916360021786e-01
1.000077731060760922e+00 3.465618808112511662e+00 2.319153924236894149e+00
1.446464074524642651e+00 1.188560957367722049e+00 9.068029041691713088e-01
3.846130312839504573e+00 2.901530806307246468e+00 1.548989648711379008e+00
3.056889372592143328e+00 4.345104234084092631e+00 2.786603225849598964e+00
1.252390220561752310e+00 1.543477948692479229e+00 8.403443249012385596e-01
3.163516374518605012e+00 6.209817230240179065e+00 4.422120994796500781e+00
2.831459883678872025e+00 1.972373755487763836e+00 1.137916263018405733e-01
1.416918536119142313e+00 3.848009505524724094e+00 1.733297658481816494e+00
2.307739983846538667e+00 5.927063083023338841e+00 4.581240237506277069e+00
3.014433825949995427e+00 7.558779005172867604e-01 6.290051123444575509e-01
2.506723466974786874e+00 8.285355178733837533e-01 5.535135475921341280e-02
2.391430084521081412e+00 1.847473460281189306e+00 1.743855515693794045e+00
3.553796848017692245e+00 2.107020150270884518e+00 2.966091603996178216e-01
3.787440430363707478e+00 7.531411660800337415e+00 4.941300821195491189e+00
1.385700732342046049e+00 4.930323146564665748e+00 5.627393280390345920e-01
1.311736300417491563e+00 2.817667614253735575e+00 2.104004472279247473e+00
2.116116016856712356e+00 2.492137938918951967e+00 1.376054816830756922e+00
1.057999785461325892e+00 3.039587402935898020e+00 1.683021700265655285e-01
3.846645114042865909e+00 1.299171799229187796e+00 1.107789021233921201e+00
2.611143884768913903e+00 1.352862110845496169e+01 8.658258159486633687e+00
2.761810509665665769e+00 5.632838139707896374e+00 2.415264679720092733e+00
2.388216154895121068e+00 6.141771054578911482e+00 5.493384476250698922e-01
2.099641657307069309e+00 1.633551421297357198e+00 6.268011667069298132e-02
3.027845354864750149e+00 3.014537390496033975e+00 8.314275537554524087e-01
3.136894872259236244e+00 5.041442334972766837e+00 1.868856896730348494e+00
1.768935532029182855e+00 5.329776917660254965e-01 4.727983393923098077e-01
3.710938569442904011e+00 7.029190874225070829e-01 3.209635778883149909e-02
2.105166975120470241e+00 1.470294787058901420e+01 7.947372667748252795e+00
2.111618045010611677e+00 1.582328479506312391e+00 5.164276297472175647e-01
1.215232499769155705e+00 5.184525947784369926e+00 1.306031431315353375e+00
2.255714949842762884e+00 1.966884315294405638e+01 1.253950389056634052e+01
2.531043652474124883e+00 6.836300505260201277e+00 1.419374623990889983e+00
3.600082488140408543e+00 1.901826507536967581e+00 1.047499447376152720e-01
2.005950281977428418e+00 5.038784750738259710e+00 3.692973869219082772e+00
3.848521979639321078e+00 2.765044314182289131e+00 4.666254811864345431e-01
1.423308533902008843e+00 8.848737052596949981e-01 1.263889627221499723e-01
1.810499516063208025e+00 5.630300757397666445e+00 2.335651462735151895e+00
2.410073975679252190e+00 5.067395556269636003e+00 1.429402901545013149e+00
1.843898501670980128e+00 1.214145276765653314e+00 6.857201538637447413e-01
2.520239959378939076e+00 3.260059637116089704e+00 1.655432869785637529e+00
3.780111286473125443e+00 2.190829848621854037e+00 2.452755593024064928e-01
2.230725673586354318e+00 2.225783071354769493e+00 1.046900834581485196e+00
2.572997485489059599e+00 3.937490247084607375e+00 5.684305144768752038e-01
3.557677668082685596e+00 2.470404564984339579e+00 7.744652290280837903e-01
3.638097712958026086e+00 1.953425431864454254e+01 1.222378896674915438e+01
3.827787282034715854e+00 3.745045160718889043e+00 3.339410948573079629e+00
3.159912312667325196e+00 1.386907519765023800e+00 8.044015872948508949e-01
3.689906773747651858e+00 3.824860162539476249e+00 2.780877716505201658e+00
3.714732465160527575e+00 1.718339356168938625e+00 8.527802642413845335e-01
3.115085245119725510e+00 4.187255322387732015e+00 2.474617077535042231e+00
2.944963396872830597e+00 8.602961747190477126e+00 3.800646734132808735e+00
2.906295919635527802e+00 1.914467082707290713e+00 1.224882636571346994e+00
3.030410448446387406e+00 5.773976899953372488e+00 4.327065351638957336e-01
1.676419808306886416e+00 1.757558878370175437e+00 7.969114476332882502e-01
2.646786921174931528e+00 4.201753724068812090e+00 1.152062809923121822e+00
3.314686077062000358e+00 1.341118208007491042e+00 1.184755200495815286e+00
1.993052878464108169e+00 8.286762855863276656e+00 1.568506243045373783e+00
1.278589522948969659e+00 2.341150174465365108e+00 8.136592753413152135e-01
1.309824146525987665e+00 3.580137378927154668e+00 2.921796880309473377e+00
1.137827558814737294e+00 2.639346034545486663e+00 2.278817329135538472e+00
1.409403286789588705e+00 2.036671570629021488e+00 6.995706686450420264e-01
2.930012678001980397e+00 6.388306945414275795e+00 4.689867167379858093e-01
2.759882135541867676e+00 6.003709428129889503e+00 2.446221328631142278e+00
3.224004594279625380e+00 1.363989940355506914e+00 4.335509901927115384e-01
3.233714966483126840e+00 1.517536487166208481e+00 2.167204005006099776e-01
3.396886121927743307e+00 1.392551666475578642e+01 1.215782159757446834e+01
2.702724246781413875e+00 4.670252882163855035e-01 1.127082080079500059e-01
3.833812149101675892e+00 2.877513419339382317e+00 2.674555296373793745e+00
3.546885811192419524e+00 5.546710478758893004e+00 4.038375692428556540e+00
3.925279977959399869e+00 5.188716742741275922e+00 1.910434200515952474e+00
3.726785708238150807e+00 7.199605837595707492e+00 2.445644910686967322e+00
3.660683232768795037e+00 6.733550777655738173e+00 4.382969118394274832e-01
3.810719613805514161e+00 3.121553788362353643e+00 1.307431277108098033e+00
3.867982212879045534e+00 2.408784599559633310e+00 1.339140618601181387e+00
2.168540050974722355e+00 2.575025217396176735e+00 9.925266819589210199e-01
2.717282110332142064e+00 6.431216420711533210e+00 1.157606905878261871e+00
2.427994383633552911e+00 3.150947837199787660e+00 1.569456943520169734e+00
2.167078215216924342e+00 8.407688821323906936e+00 3.724154898646387490e+00
2.425607743517397275e+00 5.555045968756576968e+00 4.998010636448064758e+00
3.636358263051847839e+00 1.563664585590527789e+00 5.446240538870673609e-01
3.750240942285046675e+00 3.214153610768079261e+00 3.647720106345536673e-03
2.374112345067795005e+00 1.746234241823273470e+00 3.478891752973735652e-01
2.153865911959918833e+00 7.651647987762770775e-01 3.862356404353752826e-01
3.562995775237129514e+00 2.468628866328756555e+00 1.870787813460946802e+00
3.541259987821912869e+00 2.502441434381751595e+00 2.286074753907616053e+00
1.968795037771210010e+00 3.673174879636396106e+00 8.645507443158162442e-01
2.302387310963124101e+00 4.856105979028515485e+00 3.150906212568044040e+00
1.297329997146658531e+00 5.661077014325154089e+00 3.328778355156209567e+00
3.139478096007678687e+00 1.649834957027381144e+00 1.138511328993512262e+00
1.124270931789865813e+00 1.952074928507713247e+00 1.359308559017934570e+00
1.160364742636334379e+00 3.903502940081029049e+00 1.626226597948613684e+00
3.526206319772233311e+00 4.733638877884194684e+00 3.561631884466604614e+00
2.092422242122775611e+00 3.703927053851983953e+00 1.645776106020165663e+00
3.673369195525507003e+00 1.681175582077998776e+00 1.673902966027421002e-01
3.404743442813032317e+00 4.300766585513437157e+00 3.800328802505160475e+00
2.077092764533008840e+00 3.510255445496046178e+00 1.860298865012895986e+00
1.680614419354935718e+00 1.266837521595797611e+01 1.002722752782154991e+01
1.461361926949802825e+00 3.204498276886126096e+00 3.008429733288187524e+00
3.974613456340145401e+00 2.114554789241286148e+00 5.225242353996665257e-01
3.725967172956636375e+00 4.605920404506468890e-01 1.506456030682841452e-01
3.011979299820963796e+00 3.519056892277089954e+00 2.855159640226537121e+00
2.609176957804397290e+00 2.252076131028854622e+00 9.221613769832609497e-01
2.602313843185968700e+00 3.106794230121280087e+00 8.668746343116308095e-01
1.017418477422938450e+00 1.606324941153640440e+00 1.315970574182285135e+00
1.525860854579569548e+00 5.184072052003905640e+00 3.258092170321010617e+00
1.255322775607343289e+00 2.754520277957598573e+00 1.616423958127331861e+00
2.874907167521307372e+00 1.027802630473632384e+01 6.065959214152188750e+00
1.703687262829349791e+00 7.480445925093810011e+00 4.194101289760893359e+00
3.863093103716490617e+00 1.023425838651861985e+00 2.912716397018993431e-01
2.854262294354380725e+00 9.304917074238534980e+00 6.790255678658571270e+00
1.038326472301869252e+00 5.998847009048730250e+00 7.707193006643090483e-01
2.756798935205642120e+00 1.064266149211955437e+01 4.338077455317399078e+00
1.895195438111118680e+00 4.078150707834155675e+00 2.032098979614886058e+00
2.801411102999633140e+00 4.759040894428772650e-01 1.924993001208156473e-01
1.980496186509453249e+00 1.747962897544313776e+00 1.786555790078893924e-01
2.185598576902834989e+00 2.688735843617357624e+00 2.264590862052502651e-01
2.731633062752558683e+00 3.157711033793018540e+00 3.086071002324603629e+00
1.688272716700755183e+00 2.918521822977571123e+00 2.846715582384354626e+00
2.265227398294343608e+00 3.720269710936443097e+00 1.878215669811164945e+00
2.354315048602024341e+00 7.315265970697526043e+00 5.961855458264015972e+00
2.938913955172698156e+00 1.877272460027336942e+00 1.424989663941276907e+00
2.460763582992119503e+00 8.039177180299425629e+00 3.745142469026763621e+00
2.326643999078745750e+00 2.555657433637650744e+00 1.128132714713344642e+00
1.704841239152034893e+00 6.306199368555944318e+00 5.658671175454803581e+00
2.196890324860670596e+00 2.580512015057264463e+00 8.254636615994782600e-01
2.320214754233227428e+00 6.328839916749381622e+00 4.487776204168731908e+00
1.260774491645387574e+00 6.317160633445949358e+00 5.663192537281972611e-02
3.392644531872050617e+00 6.913764771089771166e+00 4.898261409017416135e+00
1.059652952148047111e+00 9.785016712077085899e+00 6.363002516281072829e+00
1.316912698165343620e+00 7.209949996850663290e+00 5.526871156436702348e-01
2.241504357728650643e+00 1.321341238544760710e+00 6.714562780802727504e-01
3.224645560800990296e+00 4.605359372900685866e-01 4.326594508773919379e-01
3.521896574477803465e+00 7.339231827001571062e+00 4.590140431533782817e+00
3.091140828542218166e+00 5.357998926846661014e+00 4.047115053482196245e+00
2.649211625564579453e+00 7.540219967042295579e+00 2.234072533590612419e+00
2.567193015885104845e+00 2.898955703877807544e+00 8.499218682571390016e-01
3.220958285184901460e+00 6.406851892328519149e+00 5.970603721886443838e-01
2.686545892749399034e+00 5.250934698153534086e+00 1.935767090458359041e+00
2.625324548739600417e+00 1.983189544675104443e+00 1.457010877802106252e+00
2.117075832431831728e+00 4.430381239784953351e+00 1.471190579378685304e-01
2.290947099957628907e+00 7.010979359927138610e+00 2.590536094958645119e+00
1.816024889260935193e+00 6.686021630552258621e+00 2.102475343968444932e+00
2.583916748223313853e+00 3.807989853157944360e+00 2.590016295174497607e+00
1.033889071114902691e+00 1.703380874785867860e+00 1.164995314072500149e-01
1.888347956060226318e+00 2.187037401810474346e+00 1.519732927204555661e+00
2.681835056318341071e+00 2.499290784165789869e+00 6.177148328248858178e-01
3.846136625131891140e+00 1.296303758303022136e+00 7.994691501611822515e-01
1.675076327639975826e+00 4.456611520022430994e+00 2.886467448651640844e+00
1.419641287147605846e+00 2.518152842584699513e+00 1.322207240742442558e+00
1.529076570677645019e+00 8.003460822798391661e+00 6.223730190379610505e+00
3.970577518459668998e+00 2.512090495873274154e+00 2.860112416628329129e-02
1.950693941147555233e+00 4.173528435523027547e+00 5.223081813892705982e-01
2.668109729236757488e+00 6.285001799256437316e+00 5.297730385917487794e+00
3.576046277575035237e+00 7.450294872291835624e+00 4.928487045717883319e+00
3.894576226754814741e+00 5.033346010955807692e+00 3.106982436878260589e+00
3.537642419703111329e+00 4.450387731500127231e+00 4.396280211996295151e+00
2.255448315294430905e+00 4.508505042306037325e+00 3.003675792194821170e+00
3.016409181458869160e+00 5.515412737429107537e+00 1.188360786007040204e+00
1.910633347255478398e+00 5.005980947961838012e+00 4.597943911304262166e+00
1.403065346144033443e+00 1.768936077974651022e+00 4.632588879557056338e-01
3.756438371404432708e+00 3.346963669794189578e+00 2.646291995317002765e+00
2.055241808437875850e+00 3.030620282348909011e+00 1.543769041302341494e+00
1.029497720958252094e+00 3.531108844625759691e+00 2.356508316514669854e+00
2.101449734407639269e+00 6.622307251181234200e+00 3.574099184376280824e+00
3.242842908456449624e+00 2.380792207298325192e+00 2.053322440744190513e-01
1.580635574292231560e+00 3.798170349647220334e+00 2.156833388933164120e+00
1.370927583070303601e+00 4.925896205805897488e+00 4.037254124699509283e+00
1.426401764638951519e+00 4.706475684795924153e+00 1.971943273625470505e-02
2.188051106003823687e+00 2.210485988480492381e+00 1.964248125961600255e+00
1.245638080364106282e+00 1.405661059504758059e+00 2.346519718370226049e-01
3.524982652475078027e+00 4.160442506613343916e+00 4.078267449427325886e+00
1.577568533853437760e+00 3.328997215785532759e+00 1.092600416218178827e+00
1.712461070300010491e+00 2.864425915498190367e+00 2.034580549668631999e+00
1.458652744559232994e+00 6.875348925712868597e-01 2.309253171601637067e-01
1.682275232509161222e+00 1.066946538417951951e+00 3.412595226189334419e-01
3.297395976114145810e+00 2.540533966909819696e+00 2.075222424013597244e+00
1.931323385993810593e+00 1.026954456974971919e+01 6.564326981877492528e+00
2.049600772900351586e+00 3.116983719195174807e+00 3.072625833903129600e+00
1.415822302957256529e+00 1.290825130666475529e+00 9.266005199374443002e-01
1.412108413819816777e+00 4.034917659781430466e+00 1.936219593509310943e+00
3.434084765187327193e+00 8.473936596310643665e+00 6.143320500665767625e+00
2.516321306022008653e+00 8.043099764892604142e+00 4.935343516956043786e+00
3.618658964386698873e+00 5.945352512252637389e+00 4.738452799668225524e+00
3.558667517138004222e+00 1.947908386151903093e+00 1.857042890419709602e+00
2.967353464839750377e+00 2.599100477133438614e-01 2.340977231620985921e-02
1.936299382585629836e+00 1.407325152117324896e+00 2.916731926799215890e-01
2.695353458007125447e+00 1.626897705621029422e+00 1.027437291484284199e+00
1.893060629838654751e+00 4.205638613282893346e+00 1.270542411608716726e+00
2.748555527266327125e+00 2.328869790407223306e+00 1.227416904323500146e+00
3.399475020114967716e+00 8.834210771975502530e-01 5.789168455283074666e-01
1.878965254547911634e+00 1.897165009844425265e+00 1.618064199283591797e+00
2.013423874435698036e+00 2.770865594146496136e+00 1.863910540104923630e+00
1.435889974104436861e+00 4.209020405980968604e+00 1.284882206155102402e+00
1.570401867095456705e+00 4.509827173105194653e+00 2.243058894980901385e+00
3.514499927235587240e+00 9.761237878074369156e-01 3.220214581827679501e-01
1.669436192960869647e+00 9.390744194988624116e+00 2.047977941507407973e+00
3.254866696385264824e+00 1.316174661804621060e+00 9.432224633938661451e-02
1.618073125326767059e+00 7.019785868649585758e+00 4.704875949912851851e+00
3.089975503696024361e+00 6.011010163542160001e+00 1.531406347774500132e+00
3.140011542371865527e+00 3.577670248955461041e+00 2.893739044881549760e-01
1.972896149634874252e+00 6.469923914878982885e+00 5.119531999419127288e+00
2.469874034819977027e+00 2.215763692840259313e+00 2.080177557859325788e+00
3.933337807582599321e+00 6.691133676469612768e-01 4.604261446258555712e-01
1.951545800884329829e+00 8.840183552171895442e+00 5.007450763220544943e+00
3.552410344453740709e+00 4.272609995635114011e+00 2.956950945008455900e+00
3.378176719735354716e+00 4.717058534490963240e+00 3.717098209541821241e+00
1.331761939591833643e+00 1.143417576499593125e+01 8.163931954856241902e+00
2.082714210710235658e+00 1.205172518211787214e+01 7.322354895327362279e+00
1.176110519581801128e+00 1.151559823760251566e+00 1.428269768985103993e-01
1.434368217392072653e+00 1.566093310076714706e+00 2.193431129674691393e-01
1.663355487836007285e+00 1.630356446535175197e+00 2.963602065514748252e-01
3.502528497822511078e+00 1.888955706290747827e+00 1.367069370753898561e+00
2.972876290863849302e+00 1.627590990858214459e+00 1.031704828474338642e+00
2.944028223711102843e+00 2.924060128874807152e+00 1.143341131787604104e+00
3.597673881068252477e+00 5.562525988494391171e+00 4.206010191357156813e+00
1.378892035760891588e+00 7.923860519227707400e+00 4.999465269920699839e+00
3.485934929008929650e+00 2.958951575189966210e+00 2.008890810621046796e+00
2.992762576873880587e+00 1.172105913980293179e+00 2.174189856819356420e-02
3.926999462489493276e+00 1.426474123339759092e+00 1.269448093542483891e+00
2.834178645671278751e+00 3.468974200469082447e+00 2.567834347907262060e+00
2.701218231326934838e+00 7.530920039262234411e+00 2.561626068373928256e+00
3.107984678084178221e+00 3.916750653057409881e+00 2.585403669308341534e+00
2.663281985779632599e+00 3.047614938263894846e+00 2.054750503162987130e+00
1.310047766388938717e+00 6.416864198971792277e+00 4.279307291116169587e+00
2.692349422902246658e+00 2.881882015059938240e+00 2.833790910937712848e+00
3.160480100300232742e+00 1.000804763601564673e+01 4.912819412288911280e+00
1.672942184493957818e+00 4.086932890515798888e+00 2.684641163950393761e+00
3.886455400703131779e+00 4.186958133848461827e+00 3.826970973994440417e+00
1.969550579647763255e+00 3.901216132648395174e+00 2.636872123479997998e-01
2.318368293495626453e+00 4.569461006678023018e+00 4.438384797141418758e+00
3.925350734096001659e+00 8.211383452237313918e+00 5.056002892987562447e+00
3.359141437815586606e+00 2.923750074977315982e+00 1.855450690673832614e+00
1.390213111973911175e+00 3.228825455626851859e+00 6.394038519488749461e-01
2.222948849399499771e+00 1.068174524993960262e+01 8.228315547440768540e+00
3.769653584862744378e+00 3.305494434225135225e-01 2.418835645243511134e-01
1.541681069468789467e+00 3.235847986901392748e+00 8.828108769638729481e-01
3.709154306303312332e+00 5.508267185785243214e+00 4.626395230137696934e+00
2.734526319403176142e+00 1.148292342246445413e-01 6.686686079358285240e-02
3.249938769419562057e+00 3.169209793981281553e+00 2.498947952152334173e-01
3.023364242164498616e+00 1.089714818616386083e+00 5.253460356322384728e-01
1.700571351165272249e+00 4.524282892926821731e+00 8.881349321740568126e-01
1.410378593186715879e+00 1.021169903148031466e+01 1.303523809286343704e+00
1.740016312551515343e+00 5.664875356989987232e+00 3.784473632208529725e+00
2.287183258413685305e+00 5.238211886183100852e+00 4.616989540225845623e+00
2.775243475330048781e+00 3.987718840140622500e+00 2.614452680312609356e+00
1.653848710071863959e+00 1.046929877489651339e+01 6.828309745262215458e+00
2.005409357310882434e+00 5.714171884176483474e+00 3.151371028030327093e+00
2.775430789539390375e+00 1.067865316595764469e+01 7.485599162928697758e+00
2.729401406668476859e+00 1.376249950180601145e+00 4.646562559226013467e-01
1.952671950159712733e+00 5.761618926983677724e+00 2.344316885544269979e+00
2.441911533817003654e+00 6.839534435408582969e-01 3.238179087923396815e-01
3.370958039573720200e+00 1.051327621933395129e+00 3.839049946372754540e-01
3.680764440164994600e+00 4.439025667679086240e+00 2.246773028780111758e+00
1.242373693080097929e+00 4.674801184058319237e-01 1.784665010362461168e-01
2.611737943459897515e+00 7.218163310065262017e+00 3.289881642889828317e+00
3.909142183593067532e+00 3.039495165890603534e+00 2.366842195359599721e+00
1.998665924323058896e+00 5.761295536503468817e+00 4.542010762441689442e-02
3.716104696276598673e+00 3.823156104044869164e+00 2.391869673759852155e+00
1.190894915341092819e+00 1.483337233435592761e+00 8.555986825327026590e-01
3.146021204745739652e+00 4.461032220918723645e+00 1.049298007895156370e+00
3.161477727059841314e+00 7.629326545110876268e+00 5.231399372417447680e+00
2.264951591809655884e+00 2.670847846216370058e+00 2.612908102252280873e+00
2.953036088329048070e+00 3.513486219024716029e+00 2.403943932005533579e+00
3.531879766848186719e+00 6.282430765440143006e+00 8.182290864987418200e-01
2.941176697467814183e+00 4.051565863344175900e-01 7.066535839838822275e-02
3.894019485316661644e+00 2.480366652415622486e+00 8.714411528523737793e-01
1.229647978929201635e+00 1.391660177235913842e+00 5.978144387962341932e-01
3.549285193915058034e+00 6.150482642427531843e+00 7.250738956275867286e-01
1.393032606098790316e+00 8.429891921390566978e+00 6.546921639317045738e+00
3.967656201546471362e+00 7.868176349501825317e-01 9.114017598918676411e-02
3.659915279648243924e+00 2.116513318590671044e+00 8.007405949570503001e-01
2.558961606206457073e+00 2.420416844703082493e+00 2.399323556889862541e+00
3.848717098358059641e+00 2.686441641549765613e+00 2.430458350593196926e+00
2.398363281194450636e+00 6.780967871182783213e+00 2.959318639609165302e+00
2.625349363033749661e+00 9.488995513410344307e-01 3.757689709147418178e-01
2.177663309215676968e+00 7.836406809373863247e+00 3.560080887658993443e-01
1.811045396429210363e+00 3.218214608097809570e+00 4.567828377845959409e-01
3.347807056208963239e+00 4.286648561977135508e+00 1.997033031651999746e+00
3.729956649921870149e+00 3.415807033903809131e+00 1.949520127469777986e+00
2.797519348244393633e+00 5.404035794149772087e+00 1.074568083504235938e+00
3.398177032358610017e+00 1.045761167533465397e+01 1.947947534692269000e+00
3.830556279477576265e+00 1.860281335051644280e+00 8.745477667218132245e-01
2.563012133244142898e+00 3.555078262336035522e+00 3.282621790405294782e+00
3.597931152213055928e+00 8.072393821360005717e+00 4.782799931519967629e+00
1.479818454367419323e+00 4.370417235447531468e+00 9.515581986018838423e-01
2.400721938089218632e+00 1.828716539117027251e+00 9.714569783712830864e-01
3.542092837275787165e+00 1.495657336413158456e+00 8.440801631525833848e-01
2.466256090195977801e+00 6.462878145050223289e+00 2.883870979730684514e+00
3.815786041236210124e+00 1.558130888808643810e+00 4.851266299292360945e-02
1.531266784233374922e+00 4.239759692890374687e+00 3.827750699881331098e+00
1.162958879725420669e+00 7.489920020850732385e+00 4.586119032336926082e+00
2.143478619346110836e+00 2.370601073969813122e+00 1.275812685546542591e+00
2.772918809444586241e+00 4.017510482177248043e+00 2.664594878838864478e+00
2.922319828729569746e+00 4.500819600914666374e+00 7.414246191196646185e-01
2.775113617059629334e+00 7.292056037443185978e+00 5.708282319740211719e+00
3.683423500213527380e+00 5.395016360306646774e+00 1.048947891723331471e+00
