instance_name	x1	x2	x3	x4	x5	x6	x7
instance_1	-1.20706574938542	3	-2.87404249339871	1.79407452864789	1	0	0
instance_2	0.27742924211066	3	-0.426542449077482	-1.36454889989645	1	0	0
instance_3	1.08444117668306	1	-1.48740629563197	-0.707439984999719	1	0	0
instance_4	-2.34569770262935	1	0.588791645710936	-0.556284345887489	1	0	0
instance_5	0.42912468881105	0	-0.44259951077578	-0.310081093752715	1	0	0
instance_6	0.506055892157574	0	0.901304802320198	-0.376179335728334	1	0	0
instance_7	-0.574739960134649	3	0.467828340367688	0.458526008426864	1	0	0
instance_8	-0.546631855784187	1	0.0220403186670302	-1.26114914943113	1	0	0
instance_9	-0.564451999093283	3	-0.0851078317956122	-0.527465163206145	1	0	0
instance_10	-0.890037829044104	2	-0.361267142653458	-0.556814221798541	1	0	0
instance_11	-0.477192699753547	2	0.199506501537268	-0.374438726216025	1	0	0
instance_12	-0.998386444859704	1	-1.1082542547003	-0.604399980981061	1	0	0
instance_13	-0.77625389463799	3	0.672794070486354	1.20312707053266	1	0	0
instance_14	0.0644588172762693	1	-0.39411363337364	0.768873233405475	1	0	0
instance_15	0.959494058970771	0	-0.743967585584992	0.238351023241361	1	0	0
instance_16	-0.110285494390774	3	-0.32611347678341	-1.41502814138869	1	0	0
instance_17	-0.511009505806642	3	1.87466882681447	2.93377438660602	1	0	0
instance_18	-0.911195416629811	2	-1.75799914534674	0.935025757358322	1	0	0
instance_19	-0.83717168026894	2	-0.348860909964869	1.23388452172586	1	0	0
instance_20	2.41583517848934	3	0.106589229118385	-1.89138472179805	1	0	0
instance_21	0.134088220152031	3	-0.537658781205147	-0.222651293117936	1	0	0
instance_22	-0.490685896690943	2	-0.411269131911835	0.768127528360915	1	0	0
instance_23	-0.440547872353227	2	0.382348337976121	0.387953658262852	1	0	0
instance_24	0.459589441005854	0	0.222514088542642	0.609133031558329	1	0	0
instance_25	-0.693720246937475	1	-0.673754508319701	0.590518608276321	1	0	0
instance_26	-1.44820491038647	0	0.567432913870525	-0.435140753285453	1	0	0
instance_27	0.574755720900728	3	0.17948365476	-0.250769898499009	1	0	0
instance_28	-1.02365572296388	2	0.686341749488027	-0.926269383723312	1	0	0
instance_29	-0.0151383003641817	2	-1.32726366148341	1.08743580325344	1	0	0
instance_30	-0.935948601168394	3	-0.767916438222332	-1.94395921590421	1	0	0
instance_31	1.10229754620026	0	-0.192702508672789	-0.280620438336351	1	0	0
instance_32	-0.475593078869057	3	0.95905119808221	0.812077556671369	1	0	0
instance_33	-0.709440037512506	0	-0.529031361979442	-0.207703687008036	1	0	0
instance_34	-0.501258060594761	3	-1.03288699095086	1.45075731996683	1	0	0
instance_35	-1.6290934690787	3	0.771745490447405	0.841493178155365	1	0	0
instance_36	-1.16761926209419	2	0.465356664198533	-0.865737822129377	1	0	0
instance_37	-2.18003964894867	1	-1.22567106691397	-0.0598778067009555	1	0	0
instance_38	-1.34099319210003	1	2.04667724022033	0.0115311532497584	1	0	0
instance_39	-0.294293858763713	0	1.49867444889729	0.269111451391775	1	0	0
instance_40	-0.46589754040611	1	-1.38894908467684	-0.528160505923408	1	0	0
instance_41	1.44949626528713	0	2.15337646372281	-0.617073841366713	1	0	0
instance_42	-1.06864272367458	2	-1.72911674054936	-0.262372515021683	1	0	0
instance_43	-0.855364633737507	2	0.102042485094495	0.91234717100544	1	0	0
instance_44	-0.280623001957454	1	-1.14127912749709	1.12361058688565	1	0	0
instance_45	-0.994340076295665	3	-0.377009088203781	-0.603519713682531	1	0	0
instance_46	-0.968514317872049	1	-0.348782098762047	0.0553233936383655	1	0	0
instance_47	-1.10731819264177	3	0.322885081228563	-1.00065843288481	1	0	0
instance_48	-1.25198588563894	3	-1.12433961794016	-0.758178829139224	1	0	0
instance_49	-0.523828118987356	1	-2.75704972232067	-0.611435814505261	1	0	0
instance_50	-0.4968499572667	0	-0.0958110991197285	-1.31672226320794	1	0	0
instance_51	-1.80603125680195	3	-0.746699804956649	-2.00741501721717	1	0	0
instance_52	-0.582075924689333	0	0.210781418005385	0.768002127529136	1	0	0
instance_53	-1.10888962442678	3	-0.848509808508819	0.405761313504228	1	0	0
instance_54	-1.01496200949201	3	0.792264765704344	-0.831715878916042	1	0	0
instance_55	-0.162309523556819	0	0.0291874325756546	0.958075773112283	1	0	0
instance_56	0.563055818994517	0	0.603388012483792	1.81071925143842	1	0	0
instance_57	1.64781747281506	0	-0.994940104813448	-2.5500144848278	1	0	0
instance_58	-0.773353423943695	0	-0.211332458143761	1.15025508071742	1	0	0
instance_59	1.6059096288573	0	0.344021087496185	1.22789365442077	1	0	0
instance_60	-1.15780854769441	1	-0.0893785289835366	0.152103162683809	1	0	0
instance_61	0.656588464332807	2	1.6540374665165	-0.523083809187373	1	0	0
instance_62	2.54899107071786	3	-1.96290871320897	-1.10159336434584	1	0	0
instance_63	-0.0347603898038376	1	0.756125511499489	-0.879730281412976	1	0	0
instance_64	-0.669633579661957	3	0.0144186579430547	-0.636700257754092	1	0	0
instance_65	-0.00760475571097463	2	0.945713804060792	-2.1059314308429	1	0	0
instance_66	1.77708444814343	0	-0.098808492386284	-0.64625836012243	1	0	0
instance_67	-1.13860773675091	1	-2.73975424338714	0.986793426319455	1	0	0
instance_68	1.36782717942326	1	0.420305849423153	-0.75490014593259	1	0	0
instance_69	1.32956479078236	2	-0.218379262260984	1.56520486289813	1	0	0
instance_70	0.336472797203817	3	-0.989355329598254	-0.0500492609915262	1	0	0
instance_71	0.00689283844195796	1	-0.656468896184539	0.111028706146697	1	0	0
instance_72	-0.455468738161428	2	0.055663548201307	0.475471045997417	1	0	0
instance_73	-0.366523932873933	3	2.45206344477497	-0.939003904707139	1	0	0
instance_74	0.648286567503148	0	0.18817357373771	-0.774045619642981	1	0	0
instance_75	2.07027086133094	1	-0.979696368377701	-0.423558467232642	1	0	0
instance_76	-0.15339841246697	2	1.90361046750456	1.77287949441054	1	0	0
instance_77	-1.39070094670149	0	-0.438519782195613	0.426550658330294	1	0	0
instance_78	-0.723581777110154	3	-0.829726095585463	-0.0944701730887152	1	0	0
instance_79	0.258261762167853	1	-1.247231318762	-1.11659543381566	1	0	0
instance_80	-0.317059114961199	1	-0.673809163087791	-0.0874351465295421	1	0	0
instance_81	-0.177789957664294	2	1.93516726396696	0.392526090173269	1	0	0
instance_82	-0.169994076854541	3	0.906561434864075	-0.360622169253726	1	0	0
instance_83	-1.37230188587669	1	0.736526771427079	-0.88798436161748	1	0	0
instance_84	-0.173787170414033	3	0.146625304045126	-0.946416553795856	1	0	0
instance_85	0.850232257121884	3	0.283120796739	-0.219911556074559	1	0	0
instance_86	0.697608711668253	1	0.589276720770128	0.34222011692021	1	0	0
instance_87	0.549997351091101	1	0.215849476577042	0.969924129415534	1	0	0
instance_88	-0.402731975447623	0	0.155053234874317	-1.33545314019712	1	0	0
instance_89	-0.191593770478477	0	0.953826636303852	-0.800879475406146	1	0	0
instance_90	-1.19452787960251	1	-0.165852702479289	-2.04679634418407	1	0	0
instance_91	-0.0531588187433239	3	0.25500374557096	0.110056218193675	1	0	0
instance_92	0.255196000995833	1	-0.897472359354659	0.7161003737353	1	0	0
instance_93	1.70596400724007	1	1.58397010470279	0.254120602375613	1	0	0
instance_94	1.00151325236345	2	1.39275862816597	1.22876218801499	1	0	0
instance_95	-0.49558344300146	2	-1.81225823172892	0.583404005956116	1	0	0
instance_96	0.355550296999749	0	-0.216319678589458	-0.587124773728964	1	0	0
instance_97	-1.13460804353385	1	0.549856056710878	1.4466653579162	1	0	0
instance_98	0.878203626952291	3	0.482736237517578	0.443394035428034	1	0	0
instance_99	0.972916753376122	1	0.760848728950074	0.577946885715448	1	0	0
instance_100	2.12111710537568	2	-0.445658016934015	-0.921834963877281	1	0	0
instance_101	0.414523534374985	0	-1.20533341962352	-0.249326705165156	1	0	0
instance_102	-0.47471847352936	2	0.301466739764715	-1.22189864637567	1	0	0
instance_103	0.0659934937044614	1	-1.53914522359563	-0.0725396460455105	1	0	0
instance_104	-0.502477782393866	2	0.635370723493615	1.36490124503674	1	0	0
instance_105	-0.825998587129336	3	0.702951774755151	-0.457531019844233	1	0	0
instance_106	0.166989279752984	1	-1.90588286461734	0.0652002193600942	1	0	0
instance_107	-0.896264626244759	3	0.938921449556239	0.783980335923698	1	0	0
instance_108	0.168185387655757	2	-0.224492105495794	-1.5877080731648	1	0	0
instance_109	0.354968261014854	0	-0.673816775387947	-1.36936431323817	1	0	0
instance_110	-0.0521051168711336	1	0.445787444805667	-0.927519802622359	1	0	0
instance_111	-0.195934618716253	3	1.28061710689861	0.300841559830217	1	0	0
instance_112	-0.64906975160576	1	1.56513013425123	0.0804689461039362	1	0	0
instance_113	-1.10976723139873	3	-1.2005460361895	1.24674683051722	1	0	0
instance_114	0.849274202655058	2	-0.437694966373986	-1.23444910020502	1	0	0
instance_115	0.022362526076024	1	0.146381481824469	-0.439069294322646	1	0	0
instance_116	0.831140617306835	0	0.0660190755538856	-2.1015939530556	1	0	0
instance_117	-1.24428785134423	3	-0.445036015296508	1.61875617137326	1	0	0
instance_118	0.169026413766175	3	-2.3421123864415	1.08432849074413	1	0	0
instance_119	0.673166306947679	2	-0.278382367507851	-0.64080090691301	1	0	0
instance_120	-0.0262763764485261	3	-1.18180363234485	-0.252819826257065	1	0	0
instance_121	-0.191392168556024	2	0.033125272564001	-0.134829273222472	1	0	0
instance_122	-0.781906646699876	3	-0.837717011840538	1.79535599171383	1	0	0
instance_123	2.05816198776349	3	-0.117611080246289	0.0383967173690209	1	0	0
instance_124	0.750501453155831	0	-0.741522571129195	0.412998288890057	1	0	0
instance_125	1.82420830237829	0	-0.408346969183165	0.699572122966991	1	0	0
instance_126	0.080059641091988	3	-0.377770760958718	0.68979094457615	1	0	0
instance_127	-0.631409298966366	3	1.32836671199718	-1.67105946529188	1	0	0
instance_128	-1.51328812003373	0	0.716436306841976	0.740048307522627	1	0	0
instance_129	-0.636099831085051	1	-0.232289188250961	-0.924124899113763	1	0	0
instance_130	0.226301532497161	2	-1.22622690024267	-0.0316885733109696	1	0	0
instance_131	1.01369034746575	0	1.04753809093163	-1.92779298152023	1	0	0
instance_132	0.252750135066342	1	-1.43640718682383	0.214303029678329	1	0	0
instance_133	-1.17194831284112	3	-1.18246892838659	-1.00503886550696	1	0	0
instance_134	0.668714328525034	3	-0.776204835813156	-2.17895349228979	1	0	0
instance_135	-1.65010093484436	3	-0.972313509475749	-1.67254913055491	1	0	0
instance_136	-0.365852248191901	1	-0.903657561191073	-1.42072213555102	1	0	0
instance_137	-0.31611832883308	2	1.28720394604443	0.550531638778356	1	0	0
instance_138	-1.94824604732137	3	-0.106187600987314	0.31043317691679	1	0	0
instance_139	0.920057522390905	3	-0.715870953657067	0.68507391296196	1	0	0
instance_140	-0.622871594878875	0	0.671722196477663	-0.531910490816832	1	0	0
instance_141	-0.334036649997458	2	0.19763362591688	0.181785459863277	1	0	0
instance_142	1.39514789252962	1	-1.22009672533363	0.411596177796364	1	0	0
instance_143	0.63667441103895	3	-0.560965120450964	-0.0850590489583202	1	0	0
instance_144	-0.108431696990383	1	0.533732634411715	-1.10670620353609	1	0	0
instance_145	0.513762778404674	1	1.95031546468388	1.12913359573999	1	0	0
instance_146	0.399271807273958	2	1.58194322960051	1.66801562437414	1	0	0
instance_147	1.6628564474304	1	0.837787522236108	2.01910292593947	1	0	0
instance_148	0.275893403585483	2	-0.0130696626844759	0.892548035572446	1	0	0
instance_149	0.506272623207687	0	-1.72579596201099	-0.18720468320782	1	0	0
instance_150	0.347551975023811	1	-0.730853573681976	-0.127697415610696	1	0	0
instance_151	-0.377237647496313	0	-0.215413865346964	-0.305330139658066	1	0	0
instance_152	0.0976194631092374	3	0.490206668553714	-0.262866837856314	1	0	0
instance_153	1.63874464512173	1	0.0593934237561532	-0.0514686444263324	1	0	0
instance_154	-0.875592474189569	3	0.0583120529245741	-1.97266335973404	1	0	0
instance_155	0.121759998641046	0	1.83836310657496	0.0112282503851485	1	0	0
instance_156	1.36213066084498	3	0.387650899413508	0.235344857293826	1	0	0
instance_157	-0.23462108692271	3	-0.280550724654658	-0.950369853521111	1	0	0
instance_158	-1.05338280794309	0	-0.428517737963575	-1.75714797519533	1	0	0
instance_159	-0.869783605635912	2	0.0953249355319381	-0.359960650915173	1	0	0
instance_160	-0.390127029647055	3	-0.813331408941419	-3.12158955842453	1	0	0
instance_161	-0.847350073129572	0	1.36819007742547	1.67254711224307	1	0	0
instance_162	-0.260639392099399	1	-0.287536030090232	0.690549816448973	1	0	0
instance_163	-0.414419706341893	2	-0.528552423477519	-0.976670320071121	1	0	0
instance_164	-0.183050797719434	3	-0.873012923256978	0.0151341756048936	1	0	0
instance_165	0.407056097880578	1	0.935893072400666	-0.165454175250426	1	0	0
instance_166	0.624633128202147	1	-1.27726732302221	-1.66021336852687	1	0	0
instance_167	1.67820574370471	1	-0.46873983893923	-0.878434380265504	1	0	0
instance_168	-0.0686936535649907	1	0.312516273339671	0.965815838602375	1	0	0
instance_169	-0.320839912658177	3	-0.108322301643512	-1.155821306734	1	0	0
instance_170	1.47100571704891	2	0.250790417333032	-0.751395711615601	1	0	0
instance_171	1.7043293978271	3	-1.31619339420622	-0.745084355854741	1	0	0
instance_172	0.0432440375575291	0	-0.430075449167385	1.22705248547405	1	0	0
instance_173	-0.332657319133519	2	-1.70410969758613	-0.190857993821416	1	0	0
instance_174	-1.8222354175631	0	-0.842137365214459	0.554310745974685	1	0	0
instance_175	1.41126239874678	3	1.14825059530873	0.771433127103725	1	0	0
instance_176	-0.837582434076861	0	0.252831535909216	-0.380066799790761	1	0	0
instance_177	-1.12376279439532	1	0.0852871861245182	-1.12855138835598	1	0	0
instance_178	3.04376588609529	2	-0.933626130521208	0.170101777039984	1	0	0
instance_179	0.235021308250671	3	-0.556819606159632	-0.358542332051066	1	0	0
instance_180	-0.0332586101133057	1	-1.01637031942077	1.4429384906866	1	0	0
instance_181	-2.7322195229558	1	0.0535252498211483	-0.519946863243269	1	0	0
instance_182	-0.0997905884418961	2	0.765133606147259	-0.310642094399316	1	0	0
instance_183	0.976031734922396	2	0.299194815381504	0.68273746460155	1	0	0
instance_184	0.413868915451097	0	-0.617615748213199	-0.663578420365435	1	0	0
instance_185	0.912322161610113	1	0.552787313574323	-0.0179505486369125	1	0	0
instance_186	1.98373220068438	0	0.38790849886898	0.496591016531611	1	0	0
instance_187	1.16910851401363	2	0.843210942250361	-0.404274700505695	1	0	0
instance_188	-0.50873701541522	3	-0.440627586336594	-1.21164881021411	1	0	0
instance_189	0.704180178465512	1	-1.17936537325272	0.312743716736159	1	0	0
instance_190	-0.198416273822079	0	-0.084569065358819	-0.279861864189669	1	0	0
instance_191	-0.538070788884863	1	0.302777695052609	-2.01985513454472	1	0	0
instance_192	-2.85575865501923	2	1.55909373112435	0.269578863177791	1	0	0
instance_193	-0.789646852263761	3	-0.0696625273052436	0.131799250869177	1	0	0
instance_194	0.487814635163685	3	0.427039414467802	-1.67877127038153	1	0	0
instance_195	2.16803253951933	3	-0.0832631982761803	-0.525879503304054	1	0	0
instance_196	0.500694614280786	1	2.15639774076182	-0.175124623445125	1	0	0
instance_197	0.62021020366732	3	1.33796805938236	-0.55663076339161	1	0	0
instance_198	-0.965903210133575	3	-0.232304447395243	0.551848409108525	1	0	0
instance_199	0.162654708118265	2	-0.127404089947392	-1.57605151328026	1	0	0
instance_200	-2.07823754188738	3	-0.0216854042717521	-0.954292772391135	1	0	0
instance_201	0.485226820569252	3	0.113254084384586	-0.44986342459853	0	1	1
instance_202	0.696768778564913	0	-0.565095410492474	1.44390639515157	0	1	1
instance_203	0.185513915583057	0	0.0807003872444948	-0.155254088813823	0	1	1
instance_204	0.700733515544461	3	-0.695771406588942	-1.0217189079899	0	1	1
instance_205	0.311681028661359	3	-1.09620213295198	1.53846974718311	0	1	1
instance_206	0.760462361967838	0	0.804440557754521	-0.231175974126462	0	1	1
instance_207	1.84246362620766	1	0.656644119934708	0.55192386215171	0	1	1
instance_208	1.1123628412626	0	-0.568030677344538	1.12179403686998	0	1	1
instance_209	0.0326639575014441	0	1.27278584148814	0.409545392352493	0	1	1
instance_210	-1.11444896479736	2	-0.192543915756971	1.30026152604088	0	1	1
instance_211	0.418057822385083	0	-0.283665218588817	-0.790921271535216	0	1	1
instance_212	-0.400235237343163	3	-0.953671712939253	1.59861945374855	0	1	1
instance_213	1.49349310261748	0	-0.0243506460341634	-1.82290027350444	0	1	1
instance_214	-1.60708093984972	2	-0.136985964857522	-0.975363113976848	0	1	1
instance_215	-0.415751788401515	2	0.0675183911210883	-0.586460658851776	0	1	1
instance_216	0.42200837321742	0	0.445168359831976	0.233109551802412	0	1	1
instance_217	-0.151736536534977	3	0.906600388246007	-0.473448624825338	0	1	1
instance_218	-0.60615111526422	0	0.327410566460573	0.583110980688571	0	1	1
instance_219	-0.304721068966714	2	0.992561626752092	0.420029447291878	0	1	1
instance_220	0.629536099884472	2	1.06540057402709	0.67886090857055	0	1	1
instance_221	0.895171980275539	1	-2.93048205538058	1.48246102516947	0	1	1
instance_222	0.660212631820405	3	-0.362773742987749	-1.42528403776185	0	1	1
instance_223	2.27348352044748	1	0.569932538092558	0.969974980650082	0	1	1
instance_224	1.17349757263239	0	-1.11963547230504	-0.265465767861875	0	1	1
instance_225	0.287709728313787	0	-0.960650358604092	-0.80310555068517	0	1	1
instance_226	-0.659770093821306	0	0.273736471912206	-1.77703410191596	0	1	1
instance_227	2.91914013071762	2	-0.441423288640161	-0.849036891625668	0	1	1
instance_228	0.677415500438328	0	-1.73148781767851	-0.299478219146019	0	1	1
instance_229	-0.684320344136007	1	0.905854843976373	-1.94024447918985	0	1	1
instance_230	0.186492083080971	3	-0.840839641506773	-0.360032787633846	0	1	1
instance_231	-0.324393300483657	3	0.386347854925968	0.510106187169821	0	1	1
instance_232	-0.274704218225806	0	0.412430114457017	-1.29797041852965	0	1	1
instance_233	-0.933503340589868	3	1.52126864304235	-0.00484740234794186	0	1	1
instance_234	0.116845344986082	3	0.196564235460822	-1.34485223488897	0	1	1
instance_235	0.319160238648117	3	0.665610352836782	-0.0516841852311564	0	1	1
instance_236	-1.07754212275943	3	1.14059109224811	0.894849793359077	0	1	1
instance_237	-3.23315213292314	1	-0.40638112804759	-2.17988227279419	0	1	1
instance_238	-0.254874652654534	0	-1.65556135368929	2.30641643226721	0	1	1
instance_239	0.0295178303214797	2	0.1429300364911	-1.16775035555093	0	1	1
instance_240	0.594273774110513	2	1.32591430830883	0.940429718673155	0	1	1
instance_241	0.0591351681787969	3	-1.40627766063955	2.07910159606188	0	1	1
instance_242	0.413398894737046	1	1.01213161499515	-0.943824023273343	0	1	1
instance_243	-1.09777217457042	1	-0.0601308429578255	-0.675454145126363	0	1	1
instance_244	0.711175257270441	3	0.0994814242802729	1.02165032799741	0	1	1
instance_245	0.718888729854143	2	-0.349221797505872	-0.817503430666976	0	1	1
instance_246	0.251651069028968	2	1.03685327959033	-0.957120734010987	0	1	1
instance_247	1.35727443615177	3	1.42415647914164	1.5811192798267	0	1	1
instance_248	0.404468471278607	0	1.57084879138618	1.76644280148737	0	1	1
instance_249	0.264364269837939	3	-0.967400733067285	-0.227035158885543	0	1	1
instance_250	0.268043904143697	1	0.759285844342793	2.28111019497527	0	1	1
instance_251	0.436930577039483	2	-0.376189654458143	1.90374721659382	0	1	1
instance_252	1.06012390548736	0	-0.983409413915195	-0.0686215365008071	0	1	1
instance_253	0.452190396528715	2	0.389895101103217	-0.813859139266671	0	1	1
instance_254	0.663198615687065	0	-0.0179507137482475	-0.673255314397327	0	1	1
instance_255	-1.13637355399084	0	0.791724605090037	1.402030463378	0	1	1
instance_256	-0.370497517092117	3	1.79239787563701	0.540016608296576	0	1	1
instance_257	1.47696958979247	1	1.03671688493632	0.642274168798481	0	1	1
instance_258	-1.22390375051376	0	-0.695685615560389	-0.0127197649869594	0	1	1
instance_259	0.258068387396106	2	0.139622664969318	0.182879553229633	0	1	1
instance_260	0.405002805433516	3	1.41324549389255	-0.488514580230726	0	1	1
instance_261	0.97580332180945	0	1.17443759629564	1.13523673607646	0	1	1
instance_262	-0.348876736539909	0	-1.58478158266429	-0.326051022249221	0	1	1
instance_263	0.158625439491262	0	0.946429920633797	1.99186253382779	0	1	1
instance_264	-1.76325506654115	2	-0.340514085118673	0.586772894352092	0	1	1
instance_265	0.338596047099905	3	-0.625362690703707	0.988333223717117	0	1	1
instance_266	-0.666565029559273	3	-1.10120222898271	1.47562393528371	0	1	1
instance_267	-0.238646624327644	3	-0.31179546007352	-0.0469533798561104	0	1	1
instance_268	-1.18776528245719	1	0.688656505383638	-1.76753109920023	0	1	1
instance_269	0.384935321768578	0	1.43527187786736	-0.609633971769902	0	1	1
instance_270	0.66657951565448	3	0.138907098200222	0.593256912250552	0	1	1
instance_271	-0.304613889457735	1	-0.0730523864217389	1.20338721999315	0	1	1
instance_272	1.8250110640863	2	-0.202335938111801	0.208256826939065	0	1	1
instance_273	0.670559370567588	1	0.95379933574217	0.839139358531807	0	1	1
instance_274	0.948632573255153	2	-1.08119344744204	0.94304143399232	0	1	1
instance_275	2.04940300167091	3	0.250018704551322	1.0280931190928	0	1	1
instance_276	-0.651113609237535	3	1.02162198057182	0.747563844215257	0	1	1
instance_277	0.808619272846293	0	1.06185151113365	-0.191427065286232	0	1	1
instance_278	0.986580613954563	1	0.417070210072757	1.02469016466156	0	1	1
instance_279	-0.00617079609070003	2	-1.16236615136998	-0.50422197476045	0	1	1
instance_280	0.319052357931912	1	-0.821084729814662	0.348548859453759	0	1	1
instance_281	-1.01182190274184	1	-0.720488257715399	-0.509373875189936	0	1	1
instance_282	0.470167547726389	2	-1.44327196869698	0.477824457308946	0	1	1
instance_283	-0.700970331629097	0	0.0400203344434218	0.50098539560201	0	1	1
instance_284	0.813682862526491	0	1.22294668396681	-0.105580517277398	0	1	1
instance_285	-0.811430783992772	2	-2.44669391662971	0.0273087389010609	0	1	1
instance_286	0.31939748709946	2	0.758387891981524	0.433715804571129	0	1	1
instance_287	-0.846522653163624	1	-0.202661654123509	-1.13106448444332	0	1	1
instance_288	-0.245763179128733	2	-0.76913384719501	1.02068690052451	0	1	1
instance_289	-1.55285901110546	0	0.770008811410607	0.269274289996768	0	1	1
instance_290	0.128434032925753	3	0.64838515883954	0.548548641391203	0	1	1
instance_291	0.985443389404868	1	0.0962173786188587	-0.169421162358676	0	1	1
instance_292	0.183247523067191	0	-0.919643353169371	-1.87844024995049	0	1	1
instance_293	-1.76622921343046	3	-0.704861777237915	0.748307195127445	0	1	1
instance_294	-0.620533696615944	0	-1.61723406227759	-0.260100140007809	0	1	1
instance_295	1.65604303699874	2	1.88089390836698	0.618260659063715	0	1	1
instance_296	1.80980538558388	2	-0.155594360847613	2.04793696163662	0	1	1
instance_297	-1.17503676801214	3	-0.754513748781243	-1.15562483797786	0	1	1
instance_298	-0.366703258827641	1	-2.16095244416957	1.35294140674424	0	1	1
instance_299	0.353625448927287	1	-0.429461680300403	-0.36752198160992	0	1	1
instance_300	0.319156220867898	0	-0.549127904639596	-0.0583104632806768	0	1	1
instance_301	-0.579956989019402	0	-1.40231588288433	-0.532218092437793	0	1	1
instance_302	-0.953278701946907	1	2.38397182312468	-0.498500477357612	0	1	1
instance_303	-0.179428586945621	2	0.872944350978479	-1.15013957757586	0	1	1
instance_304	1.0098082149443	1	-1.53566588717424	0.12624092272811	0	1	1
instance_305	0.0236266149214088	2	1.1339752513847	0.472863899171132	0	1	1
instance_306	-0.649028219583901	2	1.04484016061832	-0.186525215206436	0	1	1
instance_307	-0.504374222048191	3	0.589830688745609	-1.61928644995828	0	1	1
instance_308	1.61439149545836	1	0.399103734894867	-0.402759046219411	0	1	1
instance_309	-0.446959811255663	0	0.14494918465514	0.412812241805165	0	1	1
instance_310	0.763176761113315	0	0.619161217607744	-0.720719404060524	0	1	1
instance_311	1.4717186861858	3	-1.03261910609812	-0.590065230419111	0	1	1
instance_312	0.443664903687416	2	-0.649356138275683	-1.16962661786167	0	1	1
instance_313	-0.421721870070189	0	-1.00200725819239	0.591456646071839	0	1	1
instance_314	-0.0400016262060736	3	-0.165880959988503	-0.66863894900174	0	1	1
instance_315	-0.492279968227887	3	0.14665629511642	3.16793764721646	0	1	1
instance_316	1.22771711731275	2	0.602056524142745	1.01303941735815	0	1	1
instance_317	-0.149553565244392	3	0.529055525492821	-0.165987319651378	0	1	1
instance_318	1.54998338398246	3	1.44569584076136	0.00241647226761014	0	1	1
instance_319	-0.561612535381314	1	0.59730928742892	-0.717301983174412	0	1	1
instance_320	-0.647117250632361	3	1.25631692128956	0.281338028308025	0	1	1
instance_321	0.143132159050427	3	1.09744204280521	0.00728189711361119	0	1	1
instance_322	0.0241886479910512	2	-0.58846041309898	-1.72970022640833	0	1	1
instance_323	-0.504451524580869	3	0.751301281506808	-1.8434736164092	0	1	1
instance_324	-1.58139680993034	1	0.453514341017587	0.601203031410255	0	1	1
instance_325	0.030066421255418	3	0.119178234168883	-2.31793757081662	0	1	1
instance_326	-0.716576699070701	1	-0.903387708305217	-0.380312073719575	0	1	1
instance_327	1.08261095547612	0	0.587982456694302	1.65516490019156	0	1	1
instance_328	-0.952685454939293	2	0.0637287482312545	-1.66285504901553	0	1	1
instance_329	1.12648272900916	3	-0.354835854936779	0.294729665781588	0	1	1
instance_330	-0.649043017379116	2	0.922495744418793	1.56990143919341	0	1	1
instance_331	0.292470078406726	1	0.992325368595558	0.511946896762047	0	1	1
instance_332	0.898702724402737	2	0.873563901793506	1.28590240106394	0	1	1
instance_333	-0.518742356791874	0	-2.61104346110731	-0.967514753559713	0	1	1
instance_334	0.554438552345125	1	-0.897316832710047	0.632389354506734	0	1	1
instance_335	-0.0879736711840128	3	0.937235318604616	0.18307866764632	0	1	1
instance_336	-1.13521292940752	2	-0.745336334800986	1.35011611692373	0	1	1
instance_337	-0.270079610999902	1	0.408539629742539	2.48732767144425	0	1	1
instance_338	1.61978987753494	0	0.182912672642759	0.114661697081465	0	1	1
instance_339	-0.21413117369664	1	1.10740229118283	1.09574036400398	0	1	1
instance_340	-0.817782462924957	3	-0.710371670379638	-0.402709871192964	0	1	1
instance_341	-0.0540229240816071	0	-0.0578023693607272	-0.359069714354474	0	1	1
instance_342	0.330141609857869	0	0.344923416712653	-0.552788229916454	0	1	1
instance_343	0.955324614657399	1	1.272654447469	-1.35467498027566	0	1	1
instance_344	1.14395987779244	3	-0.177380835242047	0.0733388620622629	0	1	1
instance_345	0.100522398375063	2	0.290405996978282	-0.038988529992132	0	1	1
instance_346	1.16457524565738	0	-1.34284820600392	0.721869883981367	0	1	1
instance_347	-0.764259947799148	3	0.633050029938162	-0.214918957806181	0	1	1
instance_348	-2.3445134046903	0	0.20681970608308	-0.915584933773484	0	1	1
instance_349	-0.471683425529536	0	0.63930734251053	-0.128438540802172	0	1	1
instance_350	-0.51585548950739	1	-0.410670564967914	1.84021048782139	0	1	1
instance_351	-2.31603615150256	2	1.68535662126586	0.45053125599064	0	1	1
instance_352	0.562471756969533	0	-0.139826104242308	0.274793677660706	0	1	1
instance_353	-0.783775139422381	3	0.121138748850069	1.05637641799707	0	1	1
instance_354	-0.226053986228165	3	-0.105679176299447	1.79205427905425	0	1	1
instance_355	-1.58710298765404	3	0.84630489128897	1.71081921609865	0	1	1
instance_356	0.547524201868316	2	-0.768449023923077	-0.431428933937455	0	1	1
instance_357	1.89122701735548	0	0.201462405268902	-0.0792768643851139	0	1	1
instance_358	-0.878077110224044	2	0.574569598467987	-0.363225044500591	0	1	1
instance_359	-0.112558911044787	0	-1.24523988798299	-0.200990473036902	0	1	1
instance_360	1.94871306497599	2	0.227718808143363	0.451281929836337	0	1	1
instance_361	0.933816332207727	0	-0.593802062268665	-0.479941984802211	0	1	1
instance_362	1.91305942169705	1	1.42881078576221	-1.1655251801267	0	1	1
instance_363	-0.00523405793193957	2	0.704898068994133	-0.238943971290577	0	1	1
instance_364	-0.152260048921635	0	-1.72513390940011	1.44983465190903	0	1	1
instance_365	-0.509631657179118	0	0.919284781932996	1.85287387225315	0	1	1
instance_366	1.43457370342612	0	0.217740926778188	-0.403231504462783	0	1	1
instance_367	-1.28583853233299	1	-0.561324761899199	0.826968315956171	0	1	1
instance_368	0.307314215255018	1	-0.355585627814819	-0.129134902412641	0	1	1
instance_369	-0.046318533277383	3	-1.27214216661165	-0.121526886798373	0	1	1
instance_370	2.25184180012688	3	0.386196851653908	-0.674273284800463	0	1	1
instance_371	-0.608033728609708	2	-1.63852313801426	-1.57843379879441	0	1	1
instance_372	-1.50928816985104	2	-0.140262777271148	1.80207639644711	0	1	1
instance_373	0.232631769508576	2	0.455175607836962	0.801116813864507	0	1	1
instance_374	-0.0396486960510932	0	0.0833833619950522	-1.79226472750817	0	1	1
instance_375	-0.839125067505345	3	0.859173322310438	-0.347418726275447	0	1	1
instance_376	0.132291088244156	1	0.0505481045556819	1.55431592932965	0	1	1
instance_377	-0.275524746705939	3	2.30894410422706	0.1064927931859	0	1	1
instance_378	-0.678758641268032	1	-0.859463174736328	0.192508920670481	0	1	1
instance_379	0.500835931775825	3	1.53911616866609	0.849227967140941	0	1	1
instance_380	-0.331662312006789	2	-1.61446617734895	0.990514611753274	0	1	1
instance_381	-1.83498025077253	1	-1.07731645830934	0.627582211644799	0	1	1
instance_382	-2.65174124837268	0	-0.901360547048799	0.415215485556038	0	1	1
instance_383	-0.580582172084415	0	-1.52111236116286	1.47493906483472	0	1	1
instance_384	1.45418687087119	1	1.48469384506777	1.70947207391152	0	1	1
instance_385	0.838129379964693	0	1.03370332012997	0.22835960194932	0	1	1
instance_386	1.21505358044614	3	1.37126649842358	-0.208116882060637	0	1	1
instance_387	0.982505442732795	0	-0.608921441457723	0.0121457552723463	0	1	1
instance_388	0.315764024018431	3	0.0855970933090572	0.349722663254964	0	1	1
instance_389	-1.50706262771632	0	1.11850749108373	-0.677644642409865	0	1	1
instance_390	0.205569787166277	1	1.06052978815381	0.642182679197389	0	1	1
instance_391	1.59722809034381	3	0.560136773572271	-1.28943803526936	0	1	1
instance_392	-3.39606353457436	0	0.158147540900663	2.22606725497448	0	1	1
instance_393	-0.781352284302082	3	-1.16417322231664	-2.48341935897588	0	1	1
instance_394	1.10246464075191	1	0.30968619619025	0.172834278705764	0	1	1
instance_395	0.528745019445293	0	-0.178493814873705	-0.0589041476544768	0	1	1
instance_396	0.789394403514854	1	-0.654524572021451	0.54745229730498	0	1	1
instance_397	0.457099505856081	1	1.57615726400038	-0.410473602104307	0	1	1
instance_398	0.538833115658123	2	-0.701403737381295	2.4024051603136	0	1	1
instance_399	0.0146431224111012	3	0.242876389372811	-0.144220939442354	0	1	1
instance_400	-0.916489135703093	3	0.516035756461069	0.0233964428346382	0	1	1
instance_401	-1.22681509076766	2	1.05115476204457	1.12412194136023	0	0	1
instance_402	0.0361528681302234	1	0.367304396216124	0.697774490472752	0	0	1
instance_403	-0.42139311357139	2	1.97321531497352	0.180907478694348	0	0	1
instance_404	-0.899364408462905	1	0.445136747894539	-0.169602830405788	0	0	1
instance_405	0.417441317486562	1	-0.488480168490534	-0.234528047352685	0	0	1
instance_406	0.15344473686401	2	0.102511535835645	-1.35493069283705	0	0	1
instance_407	1.46328304519325	1	0.669129245609249	0.629956078520476	0	0	1
instance_408	-1.12150249732554	3	-2.19050880817062	0.447270152516536	0	0	1
instance_409	-0.517788083055024	2	-0.0955640513470253	-1.04404185845675	0	0	1
instance_410	-0.0749470883385233	2	0.0415257085159857	-0.187285574623775	0	0	1
instance_411	-1.40779008143908	3	-0.238600873898005	1.28729087029212	0	0	1
instance_412	-0.284705868110477	1	0.0513685364867313	1.27409281326188	0	0	1
instance_413	-0.708171178213376	1	-1.99180636020706	-1.22116135819236	0	0	1
instance_414	-2.14763900113752	1	0.34623628474444	0.802021906549621	0	0	1
instance_415	-0.283837160611358	0	0.00302934280112633	0.126830700702607	0	0	1
instance_416	-0.534072163976087	1	-0.492428500766368	0.388514857183542	0	0	1
instance_417	1.1330101941542	2	-2.86441872259051	-0.872196173211389	0	0	1
instance_418	-0.604068922847656	3	-0.411212736897843	-0.207086990008975	0	0	1
instance_419	0.557511595592472	2	0.118208538052268	-2.05841268897205	0	0	1
instance_420	0.142629293255087	2	-0.0711607677680068	-0.739123317114496	0	0	1
instance_421	-1.23686021484532	2	-0.608697428954805	-0.306622124375416	0	0	1
instance_422	0.37414397250319	0	0.321645288041923	1.30341763353321	0	0	1
instance_423	-0.106086123466453	0	-0.910489532042703	-1.05865985505511	0	0	1
instance_424	0.166061986509049	2	0.699281047319464	0.301720185835217	0	0	1
instance_425	0.658034848342406	1	0.825732375193134	0.0899731868327746	0	0	1
instance_426	0.113962919971386	0	0.957543411914869	-1.36339225057112	0	0	1
instance_427	1.58515916403119	2	0.798846270365293	0.282523871303602	0	0	1
instance_428	0.115553440443324	2	-0.352127210050029	1.58069945043383	0	0	1
instance_429	-1.25399903928352	1	-0.0249468282357759	0.940040246321862	0	0	1
instance_430	0.74186477930074	3	1.24507337169485	1.13143023201082	0	0	1
instance_431	-1.22290161499985	0	0.610941958549662	-0.213695900693846	0	0	1
instance_432	-1.91889413176211	3	0.34688303266061	0.95783890475	0	0	1
instance_433	-0.809936389920794	1	1.27917971095465	-2.37080962953567	0	0	1
instance_434	-0.744677228785278	3	-0.626845841869641	-1.25325860935484	0	0	1
instance_435	-0.607505922693199	2	0.0252632716014579	-0.174847951632965	0	0	1
instance_436	1.60675956606494	3	1.30150900263725	0.108511592901088	0	0	1
instance_437	1.63559944628363	2	-0.249789694567707	0.516920454312649	0	0	1
instance_438	0.726091096698492	0	0.134998344795403	0.721634385944806	0	0	1
instance_439	-1.27383492504346	1	-0.146673230610888	-0.459943832776297	0	0	1
instance_440	0.0231465554333402	2	1.23393059413951	-0.481611546511175	0	0	1
instance_441	0.487121233826478	2	0.135425982367621	-0.349275322253478	0	0	1
instance_442	-0.137027503269731	1	0.0672402924146965	-0.561765971843708	0	0	1
instance_443	0.171745482456009	3	-0.68122210851133	-0.124702698398065	0	0	1
instance_444	-0.944793914899987	1	-0.4184629402539	0.877552327860635	0	0	1
instance_445	-1.28762030600621	0	-1.56921420908198	0.463346913606021	0	0	1
instance_446	1.40776573875103	1	0.409586540774767	-0.439365336329446	0	0	1
instance_447	0.26737268905316	1	0.847803192934572	-0.692417292496803	0	0	1
instance_448	-0.408397642146012	3	-1.33738430955247	-0.104452793590559	0	0	1
instance_449	0.325271219916941	3	0.40135472863779	-0.207999912567132	0	0	1
instance_450	2.06248097311935	3	0.328935897499032	1.21930841222822	0	0	1
instance_451	0.362666955663951	3	0.195321000040206	-2.27043569901944	0	0	1
instance_452	1.4114046447039	3	0.0714626101121576	-0.973452669048348	0	0	1
instance_453	1.36754431457543	3	1.6349332608997	0.621190259045578	0	0	1
instance_454	-0.407176147121539	2	0.333007077579299	0.662561672297886	0	0	1
instance_455	0.762541730885853	2	1.40181262288016	-0.650990248720244	0	0	1
instance_456	-0.651200823031723	3	0.451017020860161	-0.208737068554284	0	0	1
instance_457	-1.47365577946832	3	0.487323595739937	1.79691164714174	0	0	1
instance_458	-1.20166579640511	1	-0.539737455111534	-1.09877841489441	0	0	1
instance_459	-0.148720478130092	2	2.69090741575432	1.77774209175325	0	0	1
instance_460	1.79706242855231	2	-0.0598160756893157	0.316944408144578	0	0	1
instance_461	0.104808717855571	0	-0.49747586786043	1.04957642163157	0	0	1
instance_462	-0.802837973351476	2	0.382417149919641	-0.526280785006737	0	0	1
instance_463	0.230374964163675	1	0.409180178437925	-1.1202125363024	0	0	1
instance_464	0.697975193218088	0	0.723745922788961	0.398259494066733	0	0	1
instance_465	-1.29520173194588	1	-0.914924574372468	0.421306803003694	0	0	1
instance_466	-1.05468021797766	3	-0.137185091519559	-0.425153649050582	0	0	1
instance_467	-1.94160748967507	3	1.57429327787333	-0.876991005981104	0	0	1
instance_468	-1.26956059300372	0	-0.482917703042759	1.29999660430953	0	0	1
instance_469	-0.887438810816108	3	-0.356190513110566	-1.336786756495	0	0	1
instance_470	-0.291915762703194	0	0.610222274222577	1.42924242973265	0	0	1
instance_471	1.41009405297303	0	-0.606035147367036	-0.59469312008645	0	0	1
instance_472	0.88864143026394	3	1.13451200339725	-1.88268645782021	0	0	1
instance_473	0.272974319690261	2	0.422468288927292	2.180311231724	0	0	1
instance_474	-0.566641466026189	3	0.089549711407137	0.378777278643633	0	0	1
instance_475	-0.0402069374365745	0	-1.59171399396362	-1.06931282870499	0	0	1
instance_476	0.547612245301063	2	-0.347167014243029	-0.375144981621946	0	0	1
instance_477	-0.504033321605536	3	2.03429598442535	-0.794797718462382	0	0	1
instance_478	1.0590701295588	2	-0.28590515559225	0.315122868711274	0	0	1
instance_479	1.09745356643579	0	0.654378782982205	0.133939385683657	0	0	1
instance_480	-1.16650462962559	3	-0.924747616969478	-1.24055157557885	0	0	1
instance_481	-0.74691131008606	0	-1.59070303925404	0.256480536921	0	0	1
instance_482	1.20673873333927	0	0.709398469649404	-0.674070206745745	0	0	1
instance_483	-1.68721988054335	3	1.44932679629708	0.633227353785118	0	0	1
instance_484	0.419709894906327	1	-1.54438030938404	0.60236487324394	0	0	1
instance_485	0.233498761638796	1	0.846069248221398	-0.03403368652627	0	0	1
instance_486	3.19590119785739	0	0.330932470678367	-0.78970636054902	0	0	1
instance_487	-2.72968034122695	2	-0.366187310859143	-0.470435554214209	0	0	1
instance_488	-0.840795801424047	0	1.74928498341616	-1.0128181376277	0	0	1
instance_489	0.674028668650456	3	-1.005144961456	0.833553270073421	0	0	1
instance_490	1.67432650967139	0	-0.117439298841842	1.35402356223174	0	0	1
instance_491	0.839687083840494	1	0.668505546538097	0.0500727119864512	0	0	1
instance_492	-1.42836843555519	0	-1.08247402143283	0.33688075564445	0	0	1
instance_493	2.23938816916782	0	1.10596780578619	-0.208998873319395	0	0	1
instance_494	-1.75726622410175	3	-0.114153381934486	0.218459987896842	0	0	1
instance_495	-1.11301608790466	2	1.2291483044291	1.87347520792372	0	0	1
instance_496	-0.0431403906133336	0	-0.0232968160916682	0.261721804971701	0	0	1
instance_497	2.2255869089066	1	-0.735105466620172	1.33469451935642	0	0	1
instance_498	0.50631658733822	2	-1.34051483313352	0.247746646145096	0	0	1
instance_499	0.730396051435768	2	-1.37306589237184	-1.37578486118361	0	0	1
instance_500	1.72807759473682	3	-0.149057093973935	-1.19053978175731	0	0	1
instance_501	0.984779968314556	3	-2.00627595919716	-0.973818619355278	0	0	1
instance_502	-1.22473787596427	1	-1.55956853741809	-0.0996311970871477	0	0	1
instance_503	0.709726218065825	0	1.96270156915108	-0.110735000112386	0	0	1
instance_504	-0.109219992578064	0	-0.178318223605633	1.19219459600678	0	0	1
instance_505	1.78260789538833	2	1.35762067316143	-1.65588593019168	0	0	1
instance_506	-0.243444679602975	2	1.64899204713817	-1.04564329067857	0	0	1
instance_507	-1.52710702225461	2	0.119484570593628	-1.74023913381184	0	0	1
instance_508	0.491834371466622	1	0.00362061633761048	0.513120771530791	0	0	1
instance_509	0.354503660926992	3	0.19644344592465	-0.445956845983925	0	0	1
instance_510	-0.0176263476303775	0	0.679739506730702	-1.83919377582261	0	0	1
instance_511	-1.05655032211723	2	0.801124844964395	-0.81984763909602	0	0	1
instance_512	-0.838914666078269	1	-2.01520057977609	-0.995209548714176	0	0	1
instance_513	-0.0126257164904259	3	0.0473959880866878	0.297310127536131	0	0	1
instance_514	1.03811014600433	2	0.613096606859849	0.55741649513032	0	0	1
instance_515	-0.364457713905061	1	-0.170018481053399	-1.27333700747864	0	0	1
instance_516	-0.871449472185395	1	0.225759524431785	1.02507260984608	0	0	1
instance_517	-2.7042030254467	1	0.892404141125057	0.466612171266509	0	0	1
instance_518	0.494249836540647	3	-0.147613098756459	0.233918317814873	0	0	1
instance_519	0.427340324999113	2	1.53718231037047	0.264441898678835	0	0	1
instance_520	1.30919086010968	0	0.452619354870756	0.432419921394225	0	0	1
instance_521	1.4667226423107	0	-1.59569425257054	0.973222153950415	0	0	1
instance_522	-0.143056066294616	0	-0.187165292033729	-0.52919405861128	0	0	1
instance_523	1.29851372621074	1	0.567634468128946	0.0457684846023251	0	0	1
instance_524	0.00131354755592194	0	0.162679116763597	2.79469141393867	0	0	1
instance_525	-0.676410075685581	3	-1.37198301292582	-1.08800020248272	0	0	1
instance_526	-0.848196596885468	0	-1.88395251169133	0.295429570932665	0	0	1
instance_527	-0.346941100407436	2	-0.0680470081647294	-1.43796456521565	0	0	1
instance_528	0.227479443027071	2	0.687306933852914	0.213081480857794	0	0	1
instance_529	-0.0274014036111113	1	-0.708000728772153	0.974960634237072	0	0	1
instance_530	0.200877790585033	2	0.377677268816157	-2.35346215533992	0	0	1
instance_531	0.198942671822796	1	0.580757739274482	-0.584517812113173	0	0	1
instance_532	0.71459935608369	3	0.974626092393341	2.25387414958176	0	0	1
instance_533	-0.273181774889849	2	0.587452509331047	-0.774021055532145	0	0	1
instance_534	1.63534745793173	2	0.245278778823427	-1.42366797987888	0	0	1
instance_535	0.437693886479643	0	-1.5660037041717	0.457669381653571	0	0	1
instance_536	-1.19353585074908	3	-0.508128148093857	-0.723000890790839	0	0	1
instance_537	-0.276649804199181	1	0.85827885392439	1.48374462838522	0	0	1
instance_538	0.515883050535119	2	0.451866719214799	1.08204886247428	0	0	1
instance_539	-0.411055332086343	2	-0.897904236853133	0.799758444109677	0	0	1
instance_540	0.344995049472574	1	0.31901114488487	-1.42521580141674	0	0	1
instance_541	0.434395860831138	0	-0.0939645105797747	0.359203832683437	0	0	1
instance_542	1.30347768300503	2	1.26430832492208	0.381222550685774	0	0	1
instance_543	-0.651695910733076	0	-0.0340093652786424	-2.08345853183329	0	0	1
instance_544	-0.0168808623279884	1	-0.388169030127935	0.627833902936121	0	0	1
instance_545	-0.567692455293591	2	-0.260454831909338	0.300613245884655	0	0	1
instance_546	-1.12713286976328	0	-0.877434514087113	-1.05839723861269	0	0	1
instance_547	-1.84897031117903	1	1.29275143050665	-0.208649459637271	0	0	1
instance_548	0.19552905518189	3	0.165187853607552	2.04797322983086	0	0	1
instance_549	0.601565225195587	0	-0.603207075711496	0.784097277694653	0	0	1
instance_550	0.639158159789933	2	0.398603900801511	-1.27722931459657	0	0	1
instance_551	-1.38999281746208	2	0.858952125458656	0.0911240065007382	0	0	1
instance_552	-1.12967785339758	3	-0.421912468569384	1.7468453063403	0	0	1
instance_553	-1.14115419483757	0	-0.305488889429697	0.0324521834740626	0	0	1
instance_554	-0.688671499600886	3	-0.0591880145084799	-0.511432715404682	0	0	1
instance_555	0.170197818152129	1	-2.00187218795239	1.16480523859827	0	0	1
instance_556	0.59448342725741	3	0.155436421357447	-0.465277341676142	0	0	1
instance_557	-0.815032650724957	3	0.0425622275156778	-0.230630048743384	0	0	1
instance_558	-2.86434683706673	2	-0.262039198794157	0.85580915253098	0	0	1
instance_559	0.95382348170826	1	-1.0211932583223	1.77914433197065	0	0	1
instance_560	0.615284770613444	2	1.06535710343492	-0.825342715690874	0	0	1
instance_561	-0.700870700550263	1	-0.457590837875523	-0.228879952634643	0	0	1
instance_562	-1.07366134146979	3	0.135303912879276	-0.0690373174875259	0	0	1
instance_563	-0.299991196799737	0	2.11278759570127	0.894131057415419	0	0	1
instance_564	0.108106562802571	1	-0.591833695386405	1.54040617024686	0	0	1
instance_565	0.723200763587674	1	-0.668737894045782	1.69110650022572	0	0	1
instance_566	1.39009509607427	3	0.153878740931465	-0.227216915863085	0	0	1
instance_567	-0.848883398378404	3	-0.285391611599252	0.931210962970209	0	0	1
instance_568	0.290722844643498	1	-0.492696439200976	-0.873602629216866	0	0	1
instance_569	1.33417603370242	0	0.409771539388102	-0.537821373353152	0	0	1
instance_570	-0.901342155259083	2	0.229356450786856	-1.19694419125831	0	0	1
instance_571	-0.222763412932851	2	-1.07462563331733	-1.10041581804787	0	0	1
instance_572	-1.7714680282034	1	-1.38075085443847	0.591219930355885	0	0	1
instance_573	0.287422250114445	3	0.598233241445688	0.73371256769246	0	0	1
instance_574	-0.641191762323999	3	-0.839468642147749	0.2172775622243	0	0	1
instance_575	-0.924937642238947	3	-0.955425060047348	-0.762214043390277	0	0	1
instance_576	-0.779977469185323	3	1.23621807067256	0.296903131171053	0	0	1
instance_577	0.444503373594371	3	0.0759841521696002	-1.20499378378578	0	0	1
instance_578	-2.16246900261166	3	-0.539572907634778	-1.75576408403804	0	0	1
instance_579	-0.425510899920945	0	0.77353811942751	-0.502742605606213	0	0	1
instance_580	-1.01371765920455	2	1.30430052382949	-0.412127859628096	0	0	1
instance_581	-0.962119028303747	0	0.985109974109274	-0.949747885516646	0	0	1
instance_582	0.474634627277364	0	-1.01172151068618	-2.00414217005606	0	0	1
instance_583	0.351754269604537	0	-0.606029025718392	-0.424665378821888	0	0	1
instance_584	-0.107020356246981	2	0.316726055506865	0.532704059924326	0	0	1
instance_585	0.537517256600346	3	-1.36469110864529	0.786175310461403	0	0	1
instance_586	-0.60210489844813	2	-0.381966279527664	1.59545412796003	0	0	1
instance_587	-2.02329764533368	0	-0.0142927411517516	0.0417731560773607	0	0	1
instance_588	1.15442128059814	3	-0.0654181319989657	2.2764750502569	0	0	1
instance_589	-0.230692997694109	0	0.223432418861722	0.452700218633538	0	0	1
instance_590	-0.365088768214911	0	0.183182166678893	-0.156898608465535	0	0	1
instance_591	0.157517929375723	3	0.890661242229158	-1.93001820319282	0	0	1
instance_592	0.765932222984396	2	-0.0530718448200924	2.43040541611727	0	0	1
instance_593	0.426086966202313	3	-0.829858115515082	1.41070074510037	0	0	1
instance_594	0.927265399965311	1	-0.121029097825109	0.633692976084702	0	0	1
instance_595	0.0461345928404875	1	-0.209658043434838	1.11845496331413	0	0	1
instance_596	-0.504285643091111	0	0.0395895617127639	1.04437262986469	0	0	1
instance_597	-0.300449408355562	3	1.48099019747618	0.859207905623597	0	0	1
instance_598	0.822915978645871	3	0.566660058392043	0.941835292409226	0	0	1
instance_599	-0.849268796129039	1	1.78958035863141	1.06213158364725	0	0	1
instance_600	-0.953610095681196	2	1.11404785115473	-0.690104829915823	0	0	1
